627
45641
560
113,35212,4086
1116
35212,4086
463
179
102
46308,35,11373
24001
45641,35,653
7325
12724
34378
45641,35,1336,251
10010
700
45641,35,1336,747
5632
354
45641,35,520
6025
1116,5
1990
261
179,5
1322
405
12186
281
26692
958
415
8877
5016
17830
11990
1610
45641,35,653,1102
16111
7333
35212,4086,35,20
6968
17341
7761
1843
1694
10669,5
45641,35,653,1102,71
45641,35,1534
35507
260
8155
25017
7325,5
1409
113,35212,4086,35,96
3654
19827
4297
45641,35,1336,747,473
14746
9226
4651
9502
5970
2629
17304
415,5
113,35212,4086,35,91
14656
6677
281,10
113,35212,4086,35,20
12196
658
179,10
23033
5525
15605
560,28
17479
24770
7761,5
5016,71
20556
45641,35,520,222,5
45641,35,653,183
45641,35,6553
571,4097
14891
8527
19726
45641,35,653,1102,71,5
45641,35,1534,5
45641,35,1336,747,32
19854
3056
5652
26316,5
28644
7443
28431
354,41
12406,18541
12724,985
11990,10
1990,10
18261
417,2550,11
1644
30035
28216,4450
35212,4086,35,252
35212,4086,35,83
495,24653
41045
368
1529
1594
700,21
1990,5
506,877
1409,5
428,27400
9006
791,4,104
35212,4086,35,91
45641,35,8901
12444,2990
22117,3252,30485
12857
20235
1694,129
1970
10097
90,3937
11672
10010,310
8585
38483
3730
12005
5691
14760
11970
3654,28
2362
4321
2262
7078
1245
7037
179,5,1593
757,36382
19471
12186,57
1990,776
16319,4740
7424
1610,3494,7
3785
1250
713
970
22611
13012,39045
20793,13208,493
495,24653,18
20653,757,12921
3750
4688,102
113,35212,4086,35,264
