627
100
560
102
14721,37189,163
14721,37189,83
113,35396,3320
463
1116
4783
6968
354
1990
6025
179
11990
100,437
261
5632
7325
405
1610
9226
3654
1794
700
8987
16625
415
133
5016
3341
44412
4297
12196
12724
1250
1185
10010
1594
6460
6677
1694
2527
506,24029
7424
12891
1322
35507
2401
9006
27066
995
281
113,35396,3320,35,38
257
260
1990,5
2409
1264
12891,7
17341
32835
7254,75
179,5
1106
8155
7761
713
8877
20042
9178
14656
1843
6968,214
28613
11970
12186
1116,5
8396
405,18
31934,75
100,581
22371
571,19864
7424,75
14178
560,109
7048
7443
428,3239
35396,3320
14746
261,5
354,10
2847
1970
368
2362
2977
1711
2387
282,1023,2538
32835,7
658
27768
4321
17693
33990
463,38
100,348
100,524
250
41042
22111
6025,18
8338
25616
415,5
560,28
43258
28431
24770
7333
19726
1708
20982
118
26650
12963
1644
100,21
894
113,35396,3320,35,38,437
7109
12465
9179
995,9
4651
13751
12338
9442
243
605,4057
710
958
8585
279
19746
2716
9830
560,120
13040
34982
17830
30012
23033
13437
100,64
20235
26316
1116,39
13650
13724
2670
1409
8494,16637
102,410,828
170
1711,18
243,18
48149,133
90,15975,7
29902
5785
46078
354,45
35702
24001
10669
8569
13247
25017
4783,8446
17479
397
179,127
1594,47
34318,75
24836
463,51
102,319,9
100,95
11368
12857
5632,5
5488
18891
17276
8877,18
1116,10
282,11702,281
7877
5016,24
1610,10
2515
1106,47
100,437,6908
44823
113,35396,3320,35,38,4157
1694,214
35369
5652
8726
28674
2126
8310
4783,793
19827
5367
27390
354,95
10859
3955
5016,5
438,41112
5881,5559
8527
281,10
38158
6390
100,437,164,7
113,35396,3320,35,20
5632,127
687
12037
16111
28357
35349
41995
28258
1529
3341,10
12473
179,110
118,28874
1990,10
37251
417,1758
1185,214
7608
45010
1121
134
13293
6014
17526,75
3056
627,220
627,275
41404
8813
41690
4070
16402
5349
27066,99
31072
37782
1208
19807
11880
3785
102,367
1213
100,348,57
100,437,10
6179
6826,8856
698,18
7760
11613,4104
1970,7
18255
31586
560,192
627,129
16918
30117
21996
17283
5970
26895
397,242
7078
3690
3479
330,4651
2977,124
7761,5
991
24336
7936
14035
40432
30035
1851,75
9006,5
102,35786,8446
2264
7565
41626,246
7516
2444
100,206
14721,37189,83,35,162
406,18
306,212
176
113,35396,3320,35,1599,75
25800
11613,1688
29676
12196,5
605,17184
18401
627,15328
6025,52
6025,51
16883
29,24029
8287
20952
13124
8877,21
42065
29,11918
642,28102
41045
6406
261,5,1929
30484,7
4783,13367
1794,16382
17693,8
11584,9
354,23523,13897
179,39
1594,1717
298,9877
11990,26
34055
5521,2459
19347
33601,6,841
30842
6294
44617
23099
35593
27057
23866
438,4344
1779
12948
574,3384
13882
100,657
100,115
113,35396,3320,35,280
113,35396,3320,35,38,437,98
35621
6677,393
9830,359,1275
14746,47
33869
90,4894
627,144
627,12620
6025,18,41
4182,4345
23428
10393
4162,9
5234,5489,1258,13,41039,133
1741,9942
11970,54
261,39
23252
33946
34033
13848
39082
1902
3341,47,58
2716,162
354,282,75
354,6908
1594,52
1594,38
700,271
700,18
700,34
9635
28636
34732
33601,8
9502
991,11791
17304,282,75
16459
6350
2611,1397
1322,45
463,51,240
463,24,18
1185,216
170,348
846,636
29972
565,31520
13987,47
13354
10653
17297,415
29891
100,21,101
100,23523
894,18
20178,113,24681,318
2709
19950
2409,5
398,18
1749
113,35396,3320,35,38,393
48149,1106
