627
45641
560
113,35212,4086
1116
463
35212,4086
179
102
24001
45641,35,653
7325
45641,35,1336,251
10010
12724
45641,35,1336,747
1990
415
10669
405
958
17830
700
9502
5632
1116,5
179,5
1322
17341
354
12186
16111
261
24001,5
45641,35,1534
6025
2629
19827
7333
5016
281
45641,35,653,86
113,35212,4086,35,96
8877
1610
35212,4086,35,20
6677
3654
38483
1208
22117,3252,30485
113,35212,4086,35,20
1694
15605
25017
28644
11970
11990
1409
35507
415,5
45641,35,1336,747,473
100
894
8155
12196
7325,5
261,10
4651
12406,18541
757,36382
1843
7761
5525
5970
995
23022
23033
13639,4399
20556
1213
45641,35,1534,5
13012,39045
