560
627
102
39175,132
39175,112
18547,154
7325
463
46229
1843
12724
100
179
1990
1116
12186
113,46229
700
261
133
8877
5632
415
405
31135
2515
22371
6025
11127,8598
4783
658
605,17184
560,5
4651
179,5
11127,8598,7
995
17341
3654
605,17184,7
260
4297
31135,7
5525
18547,154,35,91
7761
31934,75
2527
261,5
354
1250
19256
24770
6460
18547,154,35,264
18547,154,35,20
10010
2977
39175,112,35,38
39175,132,35,38
12186,10
90,6576
102,92
7078
1116,5
1264
39175,132,35,20
12465
39175,112,35,20
46229,35,38
1610
20042
11990
24001
415,5
18028
560,213
462,12677
281
9006
1990,10
428,12807
1409
18547,154,35,38
33601
560,120
100,21
35349
8361
1208
14746
12186,7
405,21
41042
12473
534,1243
1990,5
30035
33437
12368
17304
14656
4970,196
250
39175,112,35,91
39175,112,35,264
21169
31135,7,5
958
39175,132,35,91
179,10
19746
39175,132,35,264
5901
9502
24001,45
560,28
700,21
7333
38646
2137
90,10382
261,10
27333
1794
8987
1644
10669
25017
34204
23031
22371,10
15691
10567
3341
35369
25158
7325,182
14546
571,4097
3746
438,4344
9179
2362
27363
397
35507
17479
6014
18547,154,35,252
8396
12891
8877,21
15605
16319
13437
27905
560,146
102,319
28613
28431
20982
1529
17304,282,75
4321
25616
6960
18547,154,35,85
8813
3138
5632,69
8726,1538
995,9
12338
24021
560,907
506,30672
19993
34846
2977,7
3955
3917
26559
46229,35,1308
9178
5785
18393
5632,10
26086
6228
7325,282,75
6025,37
102,319,9
5632,39
7885
7761,5
8005
17195
279
179,69
46229,35,20
20180
8585
463,38
13040
13724,196
9635
19256,10
5016
428,12807,10
24877
1694
30056
6228,62
415,10
19456
35903
560,192
16111
7109
560,213,7
22466
12196
9226
25765
298,1070
261,39
8310
35349,10
1990,69
8729
462,21101
330,4651
1990,39
18547,154,35,520
23033
8155
10097,196
25887
20235
12891,7
39175,132,35,1308
7325,441,7
560,310
102,372
34313
5632,5
1116,39
13751
13639,4344
877
39175,112,35,1308
38572
3785
18031
13193
894,21
1970
90,10382,7
12295
19827
4384
39175,132,35,252
8338
405,4,38202
1208,4,2367,112
4155
15827
18547,154,35,978
113,46229,35,38
560,185
28371
17526
13089
100,56
6199
7443
405,4,2367,132
179,39
39175,112,35,252
12186,57
31315
7450,1071
8527
7325,45
8877,56
261,69
19178
4182,1342
7325,98
28638
27398
18547,154,35,572
18255
12473,5
700,56
21046
428,27400
9442
8813,4,2367,112
25370,4469
560,33
11672
37167
32835
19347
33869
1116,69
1990,22371
10010,58
463,37
560,109
37287,12646
8498
17521
6025,79
27066
10733
9178,7
4684
2126
42225
39568
859,8365
225,20768,196
1610,3494
30674
38584
6460,10
30303
33671
5646
438,19906
10999
104,2368
18806
18547,154,35,166
1594
37492
605,5361
7078,10
38229,196
658,8
620,35575
1322
39175,112,35,166
17283
2670
18547,154,35,85,21
17304,45
1250,5
38544
17830
3690
627,1400
8687
462,14337
102,205
13837
90,6576,10
14546,7
12963
18547,154,35,832
6014,4,2367,112
463,300
560,3529
33437,7
46229,35,38,21
18076
463,79
19860
10006
100,300
605,17184,10
212,10461
29,4742
1644,7
39175,132,35,166
5412
47202
104,1742
39175,132,35,85
39175,112,35,85
24434
14746,37
627,220
5652
3479
560,173
27635
19256,66
10241
8267
463,24
605,5361,62
462,12677,7
37460
11127,8598,7,213
39175,112,35,83
18547,154,35,264,21
38056
20952
9591
39566,548
29126
24836
102,367
36535
705,1043,1258
560,244
18317
14891
9902
560,465
18891
6493
3355
34033
18547,154,35,1405
620,12198
1478
40100
39566,5686
17143
605,27407
605,17184,7,213
35301
17693
21301
26243
19010
11613,4104
19593
24701,4560
3138,4,2367,112
3746,10
39175,132,35,83
14746,79
90,15975,7
90,6576,5
560,860
2527,37
5349
281,10
627,275
8738
27390
24770,7
39237
876,38213
415,69
29510
11970
24770,4,2367,132
8569
39544
1843,964
417,12247
1610,3494,7
863,1873
46229,35,18887
3056
2716
24770,4,38202
34019
22943
31934,75,33
463,439
102,380
39175,132,35,18887
18547,154,35,91,21
41042,69
29827
13724
30012
1121
560,1095
560,120,10
627,78
33979
26442
119,12677
39175,112,35,18887
46229,35,85,21
180
7325,164,7
3866,6537
12364
18547,154,35,1308
46229,35,1560
4070
2463
4393,9700
3512
12745
44914
1409,5
26949
1250,9
39175,112,35,1960
25395
11018
560,1532
12473,10
3530
37167,10
29100
22313
28401
16395
1409,10
40426
100,399,75
18547,154,35,125
113,46229,35,1308
34464
17745,196
39175,132,35,1960
39175,132,35,832
25302
6677
8585,21
37180
37251
565,1243
35693
104,1780
7325,350
658,19
13713
38428
38597
37782
19807
13639,4399
21976
39175,132,35,1405
387,4774
90,7651
29,1758
7068,10244
20974
46229,35,1960
3583
560,5,1400
8287
8877,115
10212,196
995,9,5
1529,3215
14546,10
1843,1441
700,300
7210,625
9289
102,182
534,1243,18
27298
17526,5
12005
36600
12724,964
40544
11219
6298
28878,16170
19726
39175,112,35,610
16025
10097
29,12061
18062
354,10
24770,10
700,74
1397
19663
35242
21512
9983
2527,79
30453,337
35508
35514,196
24932
29404
28400
10120
12186,10,372
1990,22371,7
36327
7424
24167
40348
605,17184,7,28
30117
179,127
8361,4,2367,132
12186,117
39175,112,35,3045
46229,35,6918
23167
39175,132,35,610
39175,112,35,1405
560,28,10
627,512
29,625
4294
14066
35702
4297,24
271,36040
18547,154,35,96
46229,35,610
46229,35,83
3698
2962
7877
1843,78
12186,41
9106
9006,5
39175,132,35,3045
39175,132,35,6918
34079
29217
7325,816
2739,4560
6199,7
34375,4,2367,112
11672,5
10337
1843,92
7761,39
31934,75,216
438,10708
4297,37
9902,18028
14118
32879
27693
14273
7325,41
18581,2089
23115
642,12151,219
995,4,2367,132
24863
12724,1441
5134
13437,37
39175,132,35,2668
39175,112,35,6918
46229,35,2668
7760
41042,123
560,489
14908
13043,6199,7
44170
7078,24
12724,92
4384,31
463,51
100,33
16084
20767
14656,28
9578,405
958,4,2367,132
13765
995,8
1264,9
34606
7078,5
8361,8
700,115
22371,10,92
33272,1208
7904,24118
39175,112,35,2668
5404
347,2028,219
627,97
29,8310
1193,9725
642,35280
15129
462,11842
5367
11802
36615
21719
1843,4,2367,132
12186,95
11107
6294
3955,5
4970,196,69
463,399,75
26840
5632,127
31135,15,10
15605,203
338,8231
1529,5
31699
571,4097,123
30842
31072
463,156
713
4030
18547,154,35,18887
28915
560,1339
958,4,38202
41690
12186,393
26650
23032
23099
4297,79
428,12807,10,92
24185
21959
16752
20412
24770,13367
16320
10232,4291
281,45841
281,37
39175,112,35,1560
39175,112,35,85,21
46229,35,3045
113,46229,35,20
560,1183
34331
627,183
19530
24848
38457
38908
118
7333,10
571,18375,4270
21680,13851
20226
39175,132,35,85,21
18547,154,35,6918
31632
12857
35621
30674,7
6025,39
620,5858
2527,203
30921,196
6493,4,2367,112
995,4,38202
858,8774,12514
31934,75,236,7
4684,4,2367,112
14069
415,39
38621
14656,282,75
5087
90,6576,69
7110,8616,927
27905,39
3690,13
3479,254
298,7363
10672
7936
102,1099
39175,132,35,2488
39175,112,35,2101
39175,112,35,2488
18547,154,35,1892
46229,35,166
14406
26302,2550
1193,8013
32524
2137,5
30191
29933
462,12677,5
1843,284
9579
12368,21
39175,132,35,1560
29345
46229,35,2101
46229,35,1585
10724
627,1086
4184,16364
35356,352
23648
6406
20473
261,127
17479,4,2367,132
6960,5
30704
26778
18909,16223
11127,8598,7,907
11127,8598,45
39175,132,35,1585
46229,35,2708
46229,35,2488
1193,26307
8877,300
5646,10
354,182
15097
9484
281,79
5625
39175,132,35,264,21
39175,132,35,2101
39175,112,35,1585
18547,154,35,3347
41004
46229,35,2826
31135,66
9578,4560
4489,594
10010,56
627,276
620,4104
13124
4182,12146
31575
8726,1538,14
26111
12724,78
42225,10
38323
1342,1885
10232,3153
31934,75,101
11127,8598,7,213,7
102,410
39175,112,35,7343
42498
18547,154,35,38,21
560,2382
627,790
627,2335
17276
30164
5970
1116,127
23702
38908,9
19471
12724,308
12724,3795
3743
506,6234
24233
438,4344,7
31818
18924
13825
39175,112,35,264,21
717,5104
30997
31586
1334,24786
16883
29328
3730
22799
642,22552,9
44170,9
368
2362,1181
42283
462,21101,7
12724,1141
12186,460
19306
10232,18957
33272,1208,4,2367,112
260,793
1250,81
18776
24375
29631
14656,45
25800
687
21237,5686
7171
41042,162
560,185,10
212,22697
9179,15
34664
462,5992,9
1843,3795
7333,460
2670,4,2367,112
17195,15028
16963
22641
14035
13639,4399,10
463,851
14273,594
46229,35,7343
5640
7325,562
7325,460
605,3277
605,17184,10,92
2739,2838
560,825
560,492
90,8586
18401
22111
35369,4,2367,132
3869
26594
24196
20982,770
179,41
1843,13367
7761,69
33601,8
19256,69
11127,8598,7,860
36429
3340,17366
463,303
22268
2001,25667,9
102,313
39175,132,35,7343
19854
29648
18547,154,35,2668
18547,154,35,1960
18547,154,35,2488
18322
43714
90,20777
560,4190
627,94
90,12578
43146
10449
4691,11282
19746,24
12724,985
3628
16695
25315
438,4344,184
5881
1073,29846
9006,39
102,2721
27674
21910
6766
5488
7325,519,10
658,4,2367,132
658,15
560,486
19423
33979,10
642,9222,11835
33331
1264,183
25252
462,13349
3341,5
13839
1990,127
1990,41
13193,4,38202
15954
11638
7885,1441
102,2579
39175,132,35,125
39175,112,35,2708
24877,18
39633
18547,154,35,17397
4771,625
46229,35,2503
113,46229,35,83
10928
41042,5
627,3299
627,4758
26316
10815
19954,2379
9946
12592
1794,16382
7333,57
11377,1916
571,4097,69
18028,18
13597,1173
13268
1342,3215
35190,918
14859
463,554
463,222
102,650
102,512
40270
25602
39175,132,35,2708
39175,112,35,345,21
22403,324
37731
18547,154,35,9561
18547,154,35,83
46229,35,4143
29460,607
113,46229,35,38,21
7325,269
90,2160
627,1028
627,1883
627,1011
31935
1001,8615,877
9179,5
34846,58
23252
462,3876
16244
354,122
38908,4,38202
1843,2674
700,16
571,9417
33601,58
37460,5
34318,75
417,2550
3998,32915
16008,19266
40432
9006,69
102,739
12083
39175,132,35,2503
40330
11983
10462
18547,154,35,520,79
18547,154,35,1560
18547,154,35,178
46229,35,38,439,7
245
1694,15390
560,972
627,1593
32460,7742
5593,991,30546
3341,10
6991
462,48250
462,8772
179,760,9
4509
12724,1041
12724,512
30900
34732
27057
11127,4376
16008,22597
13437,9
463,172
1250,183
23201
102,1307
25244
18276
39175,132,35,2826
100,3203
18547,154,35,280
18547,154,35,497
38646,18
176
3056,4,2367,132
605,17184,7,146
605,17184,7,1532
10097,196,7
90,6576,39
8585,4,2367,132
14595
4182,1397
37945,24320
10393
20263
7755
2362,65
29888
24770,13
1843,308
1843,1623
1843,2549
571,10461
11377,19456
35095
13193,4,2367,132
22023
225,20768
31934,75,120
438,1827,179
33912
7554,196
1469,48597
4970
1097,1506
463,439,7
463,24,21
2522
27029,324
725,25984
41495,219
246
605,1688
605,6555
5412,4,2367,132
7325,95
560,192,5
560,1871
6025,51
26594,196
2050
10416
14546,10,92
30484
13650
18062,11
8007,5877
23022
4932,3995
12724,6096
16306
7051
11127,8598,7,185
35190,154
10800,990
14853
4155,5
8304
17788
5225,605
1610,1488
4970,196,5
4970,196,39
1250,39
625,39735
102,1805,7
15691,18
3972
25285
39175,132,35,407
39175,112,35,2826
39175,112,35,1664
100,437
7682
24375,102
16750,1916
46229,35,6045
21693
658,4,2367,112
18255,66
560,1305
627,3907
627,235
627,1079,9,5
4184,757
34845
8877,303
1001,2794
28674
28885
11181
21579
462,12677,39
26677,1506
12724,2674
40307,605
417,1342,661
7033
611,43910
611,13552
11638,92
13639,4344,10
3512,3863
13837,5
1115,27699
15691,4783
487,9875
39175,132,35,345,21
39175,132,35,1664
39175,112,35,14309
39175,112,35,2503
18547,154,35,152
18547,154,35,610
18547,154,35,3045
46229,35,1483
46229,35,6469
46229,35,18887,21
605,8663,75
605,17184,7,907
9578,2838
21714
8585,4,38202
35369,7
12557,4862,1720
20521
14527
19838
38908,4,2367,132
3138,21
298,7651
1843,1041
1843,4252
4539
29528
8425
27300,5134
43713
7349
9021
10273,16003
35872
34420
1409,69
15894
10339
41204
463,393
102,1816
29375
104,19432
39175,132,35,520
39175,132,35,957
39175,112,35,2150
530,9475
18547,154,35,2101
19195
46229,35,957
12857,4,2367,112
5985
12196,37
4301
605,10852
1694,58
605,17184,7,28,10
15922
560,311
560,334
627,514
90,14317
33437,10
1090,33578
29669
1264,4,2367,132
1264,4,38202
1794,10
6380
7078,69
462,6998
38229,196,7
267,25844
37097,10
12724,284
12724,4252
298,26897
3530,334
11706
12690
24610
571,4097,123,10
19256,41
15476
44617
17193
3955,8
7254,75
27887,6796
611,3876
36847
9519,4048
4297,24,21
4297,399,75
15886
11070,3512
463,52
337,16402
1250,9,5
35468,196
102,1569
17485
23031,18
22611
39175,132,35,2150
33011
33761
18547,154,35,7632
27267,1496
22591
46229,35,1664
30678
605,13093,154
7325,174
7325,608
32530
560,283
26086,79
627,144
627,1445
90,19906
26302,4189
6526,5686
4182,4345
13664
3730,9,5
32121
8293,11835
11181,3509
4783,1141
4783,1441
119,12677,7
27905,5
15204,9596
330,15418
1843,6578
298,3340,5846
12186,7,120
12186,10,319,9
4740,119
571,13948
34204,10
225,20768,196,5
36220
417,2389
438,41112
35190
21858
6940
23033,37
5760
415,184
463,2638
463,2162,10
40808
500,9422
39175,132,35,1483
39175,112,35,91,21
18547,154,35,2708
18547,154,35,13777
18547,154,35,870,5
46229,35,1560,21
46229,35,2477
46229,35,1308,1441
46229,35,14309
46229,35,1636
8155,21
7325,3915
7325,145
6025,37,21
12557,22627
9426,16349
15999
3917,409
5785,5
27363,18
4308
1245,196
11584
330,14851
12724,275
298,1070,5
12186,282,75
15361
17195,160
24009
8344,3810
438,10382
10800,29179
4297,1705,75
428,8435
424,22736
20774
22446
26156
11475
487,1243
487,877
39175,132,35,4143
27270,1916
18547,154,35,2503
46229,35,1426
46229,35,3045,21
250,3952
113,46229,35,6918
36230
7325,878
34375
560,2073
627,1969
627,418
34982
10868
3641
2527,51
33471
23878
37587
35301,4,2367,112
261,41
282,3876
858,8774,19357
37096
27905,69
2629
405,74
14307
39566,548,7
40651
417,7710
417,16325
876,1488
41641
37541
19295
20122,906
21669,154
7450,1071,69
10339,16963
428,3995
38788
13437,24
1644,7,5
30961,1538
3785,1264
463,1299
463,222,45
1250,69
7904,8009
102,537
102,3298,9
37422
38517
35689
863,281,13523
725,26997
18547,154,35,91,300
31870,225
8773
9518,1168
387,27825
38056,18
46229,35,520
46229,35,1190
13293
17341,182
7325,442
7325,1747
605,17184,7,310
605,17184,103
4328,1671
560,836
14616
35369,8
627,1928
620,44637
620,18696
37945,3320
13033
7110,8616,927,4,2367,112
9179,2577
23233
46841,4123
1529,8
25616,7
20042,300
7078,123
39132
2463,6353
1843,985
298,1626
11377,6709
18116
28481,196
19252
42203
438,19906,10
438,4344,66
22128
102,6587
102,780
565,5602
500,3119
39175,132,35,6045
39175,132,35,6469
10169,12037
24403
100,2638
18547,154,35,520,5
18547,154,35,598
18547,154,35,20,3254
18547,154,35,957
9518,3636
25158,18
46229,35,345,21
20861
13112,1409
329,3036
219,16349
30674,4,2367,112
23830
560,10397
560,1137
560,1339,62
560,1877
859,4774
1193,8013,4,2367,112
8877,1017
8738,62
28258
29557
29404,5
1264,9,5
33780
282,39426
4783,78
17745,196,5
40051
39082
26677
24792,31466
8361,11
12724,1150
19487
571,4097,62
571,4097,24
16320,9
19198
36078
3463,424
12963,600
24001,45,101
30423
24336
21685
44770
1409,39
22505
32424
23033,5
4901
463,122
34742
337,4526
104,10708
487,196
39175,132,35,3262
39175,112,35,4143
39175,112,35,6045
39175,112,35,1636
5096,3494
37468
18393,18
19842,260
44898,324
14273,2463
717,3572
46229,35,2150
46229,35,18887,18
46229,35,7734
844
113,46229,35,85,21
180,793
90,1722,5954
560,3581
627,793
627,1816
34935
29,4393,1334
33749
39009,11645
38696,352
8726,1538,24,21
33456
34843
1116,106
119,40527
17745
43348
405,18
12473,39
12724,1028
1843,512
700,1017
700,56,10
13839,9
11377,14891
22371,41
10231
35429
21967
20668
22754
17193,7
13639,4344,182
428,5113
2611,19774
415,173
415,127
463,1415
463,1059
463,11686
24906
40102
39175,132,35,509,183
39175,132,35,1636
39175,112,35,1190
10004,102
18547,154,35,252,58
18547,154,35,635
495,37623
26352,1243
46229,35,15267
46229,35,15282
46229,35,3262
46229,35,2722
46229,35,18887,8
46229,35,6918,21
11655
605,2832,3215
9428
39956
6199,10
5087,5
560,7142
28362
26086,5
26086,24,21
627,1040
859,102
29,47513
6462
39397
29328,62,13
8726
858,8774,12514,18
4783,512
28431,357
28583
2716,69
1672
462,26097,1506
330,4651,14
41207
35471,11
11850,10887
757,36382
298,38750
28636
2977,293
19256,103
1399
17195,11,657,19
26692
31458,254
4297,51
4297,300
18924,219
11880
10734,3999
415,334
463,14964
260,1946
23201,4,2367,132
10669,20466
102,430
1301,1488
43937
42093
565,1742
2915
39175,132,35,1190
39175,132,35,4275
39175,132,35,7835
34052,282
22403,493
36728,219
35903,18
100,348
28012,179
18547,154,35,345
18547,154,35,38,524
113,46229,35,1960
14746,37,21
21237,5686,8
90,6576,24
41042,123,7
560,356,23
560,244,69
90,1885
22710
627,2143
6025,37,56
31653,2650
29015
859,41605
29,40485
26302,4048
3866,1766
338,6343
15474
40919
35750
11970,4,2367,132
2926
119,31093
462,21101,5
31674
459,13286
9591,10
4393,15341
4393,9700,69
34794
1990,103
506,9875
30688
39566,5686,5
40087
10273,35158
11127,8598,7,213,7,5
26243,18
2611,6228
463,880
2456
102,1032
39175,132,35,7734
39175,112,35,4275
717,16134,324
34320
33603,2553
46229,35,11686
46229,35,1308,1141
46229,35,3533
2409,9891
37358
698
2675
5189
6677,28
12196,21
7325,4036,7
7325,67
10097,196,62
6199,5
29510,79
15605,171
560,216
212,19649
12347
627,2373
627,1650
23543,6149,1329
11393
3866,26930,196
338,17387
9144
14760
3917,66,9
3917,88
32155
12501
7049
33593
47202,14
47202,10
2362,1496
22238,330
32218
354,11
42182
1344,12590
9547,154
9547,196
700,271
12186,7,28
18317,2855
13193,8
28481,154
37782,97
417,3937,2726
13637
21033
12659
175,42711
29582
3998,757,5134
13599
7424,75
25092
428,27400,10
9773
27666,12552
463,79,21
1250,9,39
102,664
102,2038
102,6900,9
102,2143
22004,18
22086,18116
37545,4783
3609,857
28563
104,7243,12037
104,2368,18
30055,2596
27845
29390
39175,132,35,20,313
39175,132,35,12893
39175,112,35,20,313
39175,112,35,6509
448,493
25370,4469,18
10766,20732
34057
22681
2709
18547,154,35,1483
18547,154,35,6469
9682,10071
25887,18
347,1742
46229,35,2206
46229,35,1960,21
46229,35,4275
46229,35,7687
46229,35,83,313
17206
14507,2596
19843
3684,324
9830
20235,37,21
17341,816
17137,24997
90,8586,7
627,129
627,363
627,220,183
627,1109
627,1380
627,1055,906
90,14631
90,5556
7771,1295
35349,69
20982,3776
241,12552
8024
2911,11599
29827,62
9675
33609
46181
35301,8
261,49
14189
34664,1409
282,3760
4783,1041
2151
462,12677,69
462,10174
459,9419
462,11716
462,5526
11584,9
37097,5
12473,69
179,334,4,2367,112
26677,1506,4,2367,112
12724,2138
1843,1354
571,6439,271
7761,127
28481
506,30672,300
22466,183
38299
24001,3999
18758
32598
8344,9512
24914
23420
6350,2650
11557
428,12807,103
4929
8494,16637
415,41
2013
102,186
102,200
102,4607
565,6249
18111
33453,8538
17312,2426
28421
43397
863,1829
39251
45014
495,677,6804
40468
46229,35,7045
26222
3684,219
113,46229,35,1585
6968
34451
8569,79
26086,37,21
13247
627,1895
12557,21712
8190
27840
4182,1342,10,319,9,86
17481
12465,9,5
29,11939
2527,79,115
22617,5113
9426,1641
29,4742,18
25382
8674
28613,14
32786
642,17387
5234,33160
20473,352
642,12042
21330
34378
17479,4,2367,112
6380,397
8458
1672,1790
405,70
354,98
179,516
1949,102
4208
298,16303
25978
33990
506,4458
506,12807
1990,49
7068,2507
19779
20506,35700,196
438,34298
3998,3355
611,4765
25324,34187
438,2389,9970
11762,119
438,17531
14271,1527
13437,24,21
415,334,4,2367,112
415,10,400
4970,196,13,10
463,3203
1250,363
771,1397,219
771,5219
9058
565,4822,3785
2515,4882
22041
39130
12444,40838
4763
39175,132,35,3533
39175,132,35,3309
39175,132,35,3163
39175,132,35,7687
39175,112,35,3163
40555
10787
448,4917,324
38429,28357
530,17543
863,6537
37733
39389,42623
17488,279
25302,4405
18547,154,35,1960,21
18547,154,35,6045
18547,154,35,7734
39230
34227
18935
46229,35,1774
46229,35,4434
46229,35,5769
46229,35,5105
46229,35,610,21
46229,35,3309
46229,35,1133
46229,35,1655
46229,35,2344
46229,35,2503,21
38150
13949
113,46229,35,572
8569,51
14746,79,21
14746,24
17341,45
7325,164,7,28
2739,8660
33834
90,2126
560,34046
560,2662
560,244,123
560,1606
27768
35369,70
6031,8395
25868
620,27638
4182,5326
4182,1322
29,12363
37879
9426,6691
8877,18
9806
8813,18
29,11918
2070,6158
5593,2028,196
24638
2911,17184
12459
26892
27257,254
4321,87
16977,21929
4530
35457
38542
25430
5481
462,12677,7,310
17508,13237
462,1264,352
6960,39
43828,154
28371,4,2367,112
46740
354,45
354,41
24792,43598
8361,71
12724,793
12724,4252,18
12186,10,380
11600
11377,26243
22371,685
6928
1990,171
1990,277
506,4352
12368,18
22466,183,4,2367,112
1342,3215,10
225,20768,29
225,20768,154
37460,10
3955,5,2014
31934,75,33,143
2794,254
438,12746
28655
611,7418
2871,7485
2871,4468
438,10708,4,2367,112
30241
41343
24836,87
13437,9,5
463,1682
463,37,21
463,18774
463,961
565,39211
36915,324
15827,18
39175,132,35,1133
39175,132,35,7632
39175,132,35,2995
39175,112,35,3533
39175,112,35,4160
20201,12109
26690
36076
530,15394
42268,1090
31106,18
39389,4450
717,16597
18547,154,35,252,70
18547,154,35,20,1159
36525
9518,352
35994,7468
46229,35,7423
46229,35,4160
46229,35,7835
46229,35,660
17526,75
29544
42996
34464,5
7325,567
29530
40731
14406,426
45711
16026
38550,9
627,1958
627,20276
27924
29420,1342
16918,10
41589
43176
31935,62
6526,677
30919,48226
4182,14265
29,1688
7771,8246
29,33315,2550
5982,3631,196
12745,5
18097
338,43581
37287,16483
642,21783
6493,19
32981,2577
32981
27227
47202,5
282,11791
4783,1928
28431,55
38177,219
119,18502,62
4567,636,833
3690,23
2716,123
5282
8987,25
1843,2761
1843,793
1843,8853
1908,10734,2403
571,783
11377
18252,14133
7210,24473
33601,19
1990,22371,39
28781
4825,9945
15801
35093
22466,1208
23099,4,2367,132
24009,29
417,3937
26037,368,7618
26064
47884
16008,22597,5
11156,3876
28986
21669
438,4344,11
438,4344,124
4155,69
9519,2459
428,27400,39
428,27400,69
23181
428,15132
14178
33996
14600
23033,4,2367,112
3340,17366,7
10669,37
625,39735,10
102,10771
102,4192
20096,1396
32799
40461,1396
2515,13861
33671,18
21169,4783
43185
487,1641
39175,132,35,7423
39175,132,35,2722
35695,12657
10006,18
33441
20793,8865
29923
574,6249
863,7372
36744
35007
18547,154,35,7343
18547,154,35,2618
495,10461
37036
495,10126
24727
4771,3175
29178,102
46229,35,9786
46229,35,8781
46229,35,3848
46229,35,16039
10105
250,2636
4688,7468
250,34707
5632,123
14746,39
14746,37,300
31135,7,5,4105
13728,607,3512
705,1043,1258,11
18724
90,35853
41104
4328,22022
90,1722,5954,5
90,43629
26673
90,6576,66
560,12908
560,4161,7
958,37
212,23512
212,10461,5
26316,29
32588
4184,424
29,23947
30403,3215
33437,816
34069,12198
33234
9996,8246
13828,154
26058,154
12778,548
3866,3995
28357
4506
241,1090,271,3804
6762
3917,81
33161
642,12363
5873,5686
35192
642,4291
1741,10312
15526
995,9,69
261,5,1929
282,4668,154
858,8774,12514,8489
462,48250,23
37343,7618
40580
298,2629
12724,1354
298,7651,10
1843,25537
8849
12354
6504,39264
22371,10,633
1990,31315
1990,130
1990,145
33791
18169
23242,7153
1342,3215,5
21046,225
23231
32265
24009,196,9
417,25598
36895
12789,13833
11127,8598,7,492
10111
17075,8009
23391,7153
45335
4684,8
7841,1028
20122
29162
4297,222
39321,5225
33840,459
17921
1610,35546
13437,79,21
15609,6285
35219,352
1584,5113
5247,7469
415,5,400
31154
27326
25042,1536
260,505
1250,9,69
337,4526,6700
2456,28885
16905
26551
102,828
39516,1071
36639
565,493
104,4360,11409
3609,11716
20512
500,4405
500,14963
38067,11192
500,27171
15638
510,424
487,10917
39175,132,35,8115
39175,132,35,4160
39175,132,35,1573
39175,132,35,4770
39175,112,35,1133
30557
574,1243
574,1113
530,11867
530,2507,118
24021,18
37185
29951
100,6106
29648,18
534,179,2855
717,9965
18547,154,35,264,172
18547,154,35,2321
31870,324
5404,2133
387,4774,18
46229,35,8115
46229,35,5529
46229,35,17016
46229,35,4337
46229,35,1573
46229,35,2995
46229,35,10472
46229,35,2618
387,12795
14507,31533
25441,6658
306
134
113,46229,35,520,38,21
34103
23589
5632,103
5632,349
605,10776
12295,18
14746,38,21
7325,2778
5525,78
658,7936
30674,21
25566,2102
560,4190,5
560,4073
11672,39
11672,10
627,1945
627,35292
23543,2420
620,7067
8490
30919,48226,29
23267
29,6368
1193,219
1090,271,3804
35349,103
29,12061,62
29,1097
39009
26641,261
25248
26641,625
22725
1069,5686
40451
12326
28644
4862,3976,32483
642,8855
43196
2911,1253
26235,9
642,5472
15129,154
2137,39
29404,69
44264
33212,9956
20020,44603
40898
13848
2262
13724,29
462,3699
8458,4490,7
179,25384,368
18458,2577
298,3252,4462
10120,523
12724,3366
12724,3504
24770,103
44122
1843,964,58
700,5867
33353
19279
11990,57
7333,117
9267
32404
20629
22371,2581
571,7153
40544,69
36697
23242,5137
3463,11180,1720
10555
29358,5846
23310
417,9404
10067,330
11127,8598,7,386
438,15975
27367
17536
3865,6320,7618
11828,37258
1755,8726
10734,2403
23471
37120
33272
428,20997
30954
281,203
7907
463,351,5
463,8115
463,7734
625,36237
873,19490,196
102,5671
102,3539
102,367,688
565,4842
565,9268
23031,37994
33184
36118,607
17643
104,1742,18
21169,18
25531
448,4755
39175,132,35,252,56
39175,132,35,6470
28987
34899
23675
574,1742
22403,5810,859
863,19989
44898
20907,324
32152,36729
18547,154,35,6802
18547,154,35,17016
18547,154,35,2223
495,31791
495,26787
30504,261
38834,219
22591,366
15117
39146
387,1069,4057
387,2558,2133
16991
46229,35,6470
46229,35,13843
46229,35,1541
46229,35,1308,2138
46229,35,1483,21
46229,35,3410
46229,35,12972
46229,35,5905
46229,35,11239
46229,35,85,21,1035
46229,35,4858
46229,35,4770
41540
9167,102
13112,1023,3760
398
1096
113,46229,35,17154
113,46229,35,1636
113,46229,35,957
113,46229,35,3268
605,27209
8331
10733,4,2367,132
25765,25,10
5632,49
5632,69,1441
1694,8602
22424
7325,282,75,686
18068
9965
15922,154
90,12353
28881,196,7
9738,718
11672,995,5
13040,300
627,7666
627,483
90,12921
16101
29,20115
26302,918
23543,6149,1527
10850
25414
29,18615
40100,54
14908,5
30117,37,21
13092,26308
1193,3540
21231
19301,352
19301
3866,40256
29,1180,1755
22725,352
1001,1116
36427
36275,4128
241,6550
12745,14
2253,9451
4409
22376,33728
13718,2158
15076,30132
15076
5873,4060
261,5,1028
20042,6640
282,2462,16152
4783,13367
119,33523,23060
119,4755
38177
8648
27635,2138
1329
36600,14
1245,30669
27066,154
267,32561
44115,24754
179,24518
179,49
179,84
298,34225
298,3340,4490
12186,460,57
15821,7742,918
11377,19456,18
27300,5134,69
22371,11,3605
571,14927
12697
506,38254
1990,10,251
4825,5715
13597,6234
17329
14891,21
7349,154
22466,8569
12963,55
41320
37460,39
417,25844
10232,6435
23310,29
10232,12935
417,42177
11447
27555,2485
10273,26230
5743
438,4467
18608
438,763,6645
21282
32233
17075,18502
27454,40925
3998,19780
22641,7
3998,13760
2871,1115
13378
32207
3245,6199
6350,254
438,37250
31818,4,38202
1409,41
4297,1334
17559,2550
12514,4610,196
23033,51
24167,165
2611,10074
877,350,203
1322,122
463,1224
463,2294
625,13979
9006,127
1301,3540,219
41670,2596
32094,368
40270,18
25089
713,76
40348,18
44711
5320,10042
104,6673,324
31722,4360
3609,17375
18776,12750
510,9306
18276,45127
31988,4104
487,625,833
448,10147,18
39175,132,35,7045
39175,132,35,11239
39175,112,35,9369
448,14963
38268
10169,4469
39931,18
32828
574,2389
35693,18
863,3209
863,1113
534,5084
28586
18547,154,35,20,3299
18547,154,35,3128
18547,154,35,1405,985
41015
717,11278
40856
46229,35,8880
46229,35,15720
46229,35,20,1159
46229,35,6840
46229,35,2651
46229,35,1308,3795
46229,35,1308,1354
46229,35,256,10708
46229,35,17990
46229,35,610,8
46229,35,1599
46229,35,3163
46229,35,12085
250,21194
35242,18
3684,4060
32291
7083
1866
113,46229,35,509,183
38610,5686
25765,15
19010,2758
5632,10,92
6677,393
3583,1397
7325,13473
605,17184,7,244
605,17184,7,555,10
12764
10097,196,88,5
548,6460,6058
33400
5087,31935
3252,352
15922,29
90,13448
9738,22968
90,15093
90,5434,196
90,1688
560,6157
40743
29015,196
1334,34115
3869,10892
11755,293
90,19906,69
90,5776
42353,196
46958
42776
8355
6031,10987,313
620,11918
4182,1342,5,1086,183
29,25741,10859
2527,37,115
9426,9512
29,10758
32764
1193,9725,69
8877,13491
42502
43882
7305,7375
31673
3866,10570,2403
5691
7415
9854
763,7037
26505
31931
41045
5234,36267
642,33161
8024,3938
12150,611
642,2580
642,4113
33456,102
12560,14851
2137,54
23733
995,15,10
7443,29
29404,62
1264,9,69
261,7196
21113
4651,352
858,15027
23156,17970
45052
34606,9
21818
23742
1794,14717,636
1794,927
20540
13724,196,23,5
19588
8458,4226,7
4308,29
462,24832
4656,6426
36600,8
462,39782
330,43443
330,1459
37750,196
18161
267,5361
42746
19003
298,9877
12724,979
298,4348
10859
4393,9700,123
9635,254
298,23786
12186,4491
4740,17673,11890
5521,990
571,27694
7761,172
22547
21928
13268,5
506,33796
14891,18
19302,9
506,8459
26786,11465
3463,14035
3463,39462
21680
12963,154
10338,14677
41486
38299,29
4352
7180,196
37460,69
32597
10232,3153,350,203
3955,40642
3955,39
7254,7046
7254,1070
43017
5016,38636
417,10776
3898,2550
11127,10699
16624
31458,268
28311
8953
10111,9271
17665
175,38093
32696
876,12,23589
3998,366,594
4684,11139
2871,254
37541,39
15497
31828,3809,1295
33663
5901,10382
11762,4567
4297,202
33324
28638,29
36436
428,22747
6298,196
34819,313
428,2838
31240
23033,24
14650
15112
428,7520
2611,4345
415,141
3340,36113
8395
463,79,2638
463,2967
28006,16325
1000,37041
28886,1916
30888,1334
4239
13624
104,34159
3609,1113
24940
30250,18
39712
500,3175
33908,922
487,2636
18975
448,1243
39175,132,35,20769
39175,112,35,7045
46063,28877
448,37572
448,5870
574,271,12109
530,459,102
18806,18
530,523,4169
863,6343
27693,281
10567,18
18393,219,18
19842,523
14273,18
100,11454
100,581
725,10147
725,3153
725,42032
15536,13749
16389,225
597,10382,102
31418,329
45203
717,548
717,5652
18547,154,35,1541
18547,154,35,91,2140
33402
10781,2133
41016
9518,18675
347,34738
2765,2839
387,1906
387,5858
46229,35,5599
46229,35,2668,4783
46229,35,4616
46229,35,1738
46229,35,7770
46229,35,4475
46229,35,3028
46229,35,7558
46229,35,14493
29460,607,18
4688,7468,18
4688,3119
25146
7083,6320
541
113,46229,35,1190
113,46229,35,7734
113,46229,35,2618
18556
219,1641
33356
22197
605,1173
31421
20235,816
11613,1627
17341,145
605,14317
605,463,3215
13728,29998,3215
705,43288
32630
879,31104
90,15132,7633
28881,154
41970
90,27082
560,1339,69
560,3704
39080
90,2550
212,23203
10010,32
8585,21,41
627,934
6025,1415
5357,7180
34607
4184,16364,11,69
21381,9806
21381
620,16368
620,10887
33477
620,22370
4897
620,7870
36741
29,3427
4182,8845
18462,13118
20369
40100,21
32460,25717
2527,1115
2527,52
9426,5361
29,4291
13033,29
29328,5
20263,352
1193,23894
19624
19530,19867,7
1090,33578,7,28
11517
4162
3866,38406
29,3967
338,35543
35080
17569,1943
17569,5134
28199
7110
36797,196
5593,7153
29847
27561
4950,18235,196
241,2401,4075
8726,2072
8358
8645
338,7575
3407,225
4409,1644
20391,3804
35514
27128,7878
4892,42216
25870,1258
25870
2300
5785,30650
15341
39437
26235
19017,12979
23846
10212,154
642,3914,268
642,12042,1033
2137,39724,4567
13507,459,3320
282,33901
30695
282,23099
34664,10
26895
119,6806
17745,293
17745,196,39
17170,5357
1794,2580
2989
37556
23760
4082,260
1672,261
32673
1245
15356,3624
462,15313
11584,29,9
39132,5
27390,29
8722,877
267,17477
267,3760
36907
405,11,10
36615,5
154,48205
33491,5202
22045
9178,6294
11438,196,10
298,27825
700,18
7333,555
7333,460,57
298,3340,906
34055
12186,171
25579
8396,25
16472
7210,19995
571,22833
6276,36772
571,30116
18317,6653
18028,14
28236
35229
1990,143
13193,29
4825,5715,196
40693,1070
32297
29238
33030
19987
506,8831
506,8631,9339
506,30305
2981,523,5101
3463,42118
37180,18
22466,881
14210,2126,4628
29678,2723
242,2923
242,6988,352
39566,5686,69
19306,1970
16319,18
417,1173
417,6074
31934,75,283
11127,8598,7,3529
14861
32023,1496
438,35352
31645,9657,254
36064
10998,21732
37519,6528,12944
36327,21
23391,8913,196
18763
4684,10008
41755
33851
3245,10928
24773
5901,41712
438,11230,594
18543,1851
33596
438,12019
33485
10734,2550
43637,594
33840,1634
12514,154
3662,6932
22776
38797
5225,13118
428,5622
24916
8527,2403
428,39943
1610,32565
25784
13639,4344,55
805
4901,1943
30821
19090
1584,5361
34659
2611,6228,5
4526
47774
2279,5564
29096
25487
1250,183,8
4917,19799,7
7904,6199
791,4926,5571
22392
565,6506
565,4405
565,1243,18
565,12837
39736,1916
104,3209,1988,811
500,2951,687
500,25456
36354,324
30055
510,10147
510,35280
510,3733
12083,102
673,4184,5618
673,763
3084,895
32686,5219
39175,112,35,20769
20201,8865
40555,18
33667
574,3019
574,10758
574,4882,18
43551,118
10350,139
42609
25301
530,493
530,1512
22403,811
863,366,7138
863,3109,3892
31894
44898,324,18
863,196
863,45120
39568,18
40268
100,9965
100,20962
534,27374
29220,4347
15173
5404,6276
717,8831
37711
30951,2558
39253
347,11959
11428,1742
4771,15290
347,1843,4360
42379,352
347,17543
347,863
387,29022
387,9854
19877,459
46229,35,1596
46229,35,2477,21
46229,35,152
46229,35,3769
46229,35,8239
46229,35,392,21
46229,35,9369
46229,35,16540
46229,35,3071
46229,35,20769
46229,35,286
46229,35,2954
46229,35,9347
250,5525
1620,102
32743
10127,30922
113,46229,35,15267
113,46229,35,345,21
113,46229,35,1483
113,46229,35,8961,102
219,14139
16941
14742
42932
20235,79,300
605,12541
1694,214
43395
37405
28330
879,28326
5087,8490
7109,76,793
17137,179
37558
4328,625,7469
25923
25836,4490,7
212,41290,9
29902
8585,21,117
12968,33688
627,1100
39563
31653
33882
1334,338,8685
29,687,13771
12557,9932
16101,2989
29,37710
5827
620,10176
30919,1885
34282,9512
4182,44129
4182,102
38483
29,22321
19027
2527,203,1531
2527,939
29,8310,154
29,858,7520
33234,352
9996,1949
43146,2137
29,1329,11303
33986
7771,877,20592
13664,377
29,6082
1193,6932
1193,35575
37641
8877,6640
8738,9
11131
33091
1090,293
43968
3866,995
3866,4183,12841
38652
29,4575,397
29349
338,6343,7
5638,26970
1001,15291
338,4376
4903,7651
241,12459
5982,3631,154
241,31899
28039,1538
13139,8632
20982,6640
8726,7396
6528
3917,13
35248
35750,352
12501,11367
38342
17212
42354,6228
10443
40539,5867
37287,12646,878
37287,12646,39
2911,3277
642,1848
642,34029
41359
15797
642,11867
2379,34807
44132
32981,1334
2137,4301
995,31618
4244,5511
45012
6909
1264,6317
1638,857
13533
282,41788
22255
43102
11535
13650,21
4783,793
17336,5069
45384
41947
32961
4567,14086
43956
10565
27289,1580
397,18
462,19873
462,6998,352
4082,22597
13534
17366
46344
462,2463
10140
19527
31479,1784
6421
15204,9596,81,10
37750,154
37750
28371,300
20768
11978
24701,1459
179,41392
39161
33008,3175
31203
179,5,28562
179,5,8925
179,5,1108
757,13447
1594,89,21
13562,21929
9649,32904
298,2161,13374
298,8231
3592
1843,13367,8
29086
12984
11377,6709,18
18252,9762
30434
27300,5134,39
11455
8396,33542
22943,18
571,9488
1899,43205
6276,1580
506,35367
25937,9540
21209
506,5156
1990,6460
1990,292
33266
40544,39
24915
7256
506,9862
506,4086
23242,1688
26837
225,18040
18261
19491
4352,14730
417,4717
16864
39566,5686,160
417,10887
417,46053
417,30531
7779,571,19171
32278,28075
417,2550,9
28176
10273,118
9232,242,1070
17452,5554
11127,28590
11127,8598,7,6198
17956
24914,11
438,18615,1790
24774
36064,352
10166
11828,16382
175,636
9119,994
9119,17970
876,8831
43385,154
3998,15394,594
24335
25666,20217
2871,3215
2871,1295
23375
34980
31828,3809,1070
20363,1696
31123,154
438,4422,11221
6350,6459
32503,459
28135
428,15876
23009
10734,24913
428,40485
31876
3809,1758,9,7134
10536
3809,11290
34341
14271
33840,1329
42671
35763,594
6721,139
428,7933,918
26407
35001,9
428,3994,154
4901,6377
3512,19375
1584,2650
1469,48597,5
5247,8237
2611,1397
20505
415,84
8831,12572
2401,4932,2963
2401,15645
4970,196,39,3795
42921
5384,6796
44847
30961,2072
3785,5924
927,5150
2279,2160,196
260,4235
1250,21825
6643
40688
24625
102,11657
1301,3540
22138,24065
975,3361,2426
771,3967
16861
30093,29
11329,33004
20689,5144
40183,102
3609,11313
29182
500,2552
9064,4468
38789,1250
32361,4488
500,40812
41415,18
32884,26889
13926,4393,493
487,4882
14563,3145
448,4488
20086,298
448,10758
20201,12109,8,9520
5096,5158
448,19048,282
448,7165,324
34052,282,18
34792
38544,18
574,21216
18806,4783
34313,18
28421,2560
22403,1020
863,7372,3119
863,18675
19842
863,179
863,11867,18
35655
39323,7138
11015
100,1017
31680,225
894,13860
534,687
27270,6709
15536,4450
534,6082
33761,18
38461,833
597,6005
597,3281
42594,7180
25377,324
717,7100,102
24375,102,18
16750,4783
48246,324
9682,5193
495,9891
6766,2133
6766,18
495,8878
495,28828
10781
347,3036,607
16764,3121
30593,1071
26519,7180
31632,18
11368
46229,35,3621
46229,35,20,1972
46229,35,988
46229,35,4471
46229,35,15281
46229,35,5011
46229,35,8553
46229,35,1426,186
46229,35,7120
46229,35,8679
46229,35,24520
46229,35,5583
46229,35,15504,13523
46229,35,11029
46229,35,9014
46229,35,83,664
46229,35,83,693
34535,9422
387
250,19087,102
7083,4060
245,728
1225
113,46229,35,14239
113,46229,35,1133
