560
100
627
102
463
4783
118
354
6968
179
1990
1116
405
261
11990
6025
2527
5632
1794
1610
4297
415
8987
7325
100,437
3654
9226
6460
1250
3341
995
658
1322
8396
1208
16625
2977
22371
7761
12891
17693
6677
8310
2362
6014
5016
424
12465
9006
179,5
405,18
1644
20982
27066
17830
7254,75
12196
1694
7424
32835
958
7048
257
757
12186
12891,7
1264
34375
947,3914
15605
30484
281
260
22111
4651
176
560,28
1594
10975,17860
14746
17745
7424,75
100,33
2629
1990,5
8585
9178
261,5
13751
2387
4321
298,9877
7333
14656
35507
8338
8361
13040
11990,7
1116,5
605,1173
35702
100,524
560,213
1529
10010
5525
28431
10859
1843
1990,10
19807
1409
133
32835,7
11990,10
1185
6785
560,120
19746
27635
1970
29,625
368
118,437
700
571,19864
46078
3056
2678
17304
243,18
8498
31315
102,205
10669
37405
560,192
43146
417,2533
33063,24805
17276
31934,75
25800
35369
24836
243
2409
4070
12338
17341
8877
10999
415,5
24863
12724
2977,7
261,127
33990
39563
100,348
11970
2137
1708
12963
23201
100,21
100,657
18317
26559
438,927
22086
16111
179,127
34464
39088
25616
100,218,75
37167
9442
7078
118,33
37180
24001
3785
5632,127
1556
26086
6025,18
34033
30484,7
7068,10244
100,581
100,206
605,4057
1116,127
3955
100,95
5632,5
20042
30303
12350
11018
5652
405,21
179,10
9502
560,109
28357
2126
2847
6677,28
8155
3583
18401
7885
3084
6968,214
41404
12186,10
7033
7199
113,100
13124
13724
27333
33601
13437
1250,5
100,236
18891
8813
3479
298,11695
100,1034
306
6968,32
29,1758
30012
4297,38
100,64,75
6179
250
13247
7443
279
2716
118,657
27057
100,2649
3583,1397
560,173
34331
1610,10
1644,7
170
31135
16244
6960
5521,2459
34318,75
5134
30035
1106
39082
1584,38297
463,939
10733
1054,5971
28613
118,524
5521,3361
26692
246
5632,10
710
33869
21719
12745
12473
28481
23033
13987
7516
100,2813
100,216
687
560,213,7
995,9
354,282,75
24770
100,240
100,64
16918
17745,196
3746
8494,16637
102,92
713
100,619
17781
8569
90,7651
25017
26316
17283
27390
354,164
571,16037
24336
28878,16170
2264
5975
14656,28
17526,75
605,5361
90,1873
4783,13367
35457
1594,47
118,206
12229
5881
4384
102,410
23372
42803
90,15975
35349
282
27905
118,21
14898,1872
3138
10120
19178
26650
1990,127
506,30672
337,16402
102,372
29510
31653
21381
28674
5349
700,271
37492
8527
1322,47
6209
100,40
100,56
100,115
180
11672
212,2923
18581,2089
29557
5785
19827
13724,29
700,18
12891,7,28
19347
2670
1990,162
6294
428,3995
100,300
38443
1970,7
12005
9179
3341,10
405,16
118,236
15159,75
9635
19256
34645,4560
876,38213
415,513
1711,18
1711
100,4157
3698
1264,9
23702
17479
41947
3690
118,2649
3628
18028
7936
415,173
40808
100,33,7
21136
27524
6968,33
19010
20952
16752
2527,203
261,10
38428
38457
354,164,7
7210,625
22466
38597
21046
23099
16395
20470
100,437,45
100,1017
20235
90,15975,7
40100
37111
7877
5367
354,45
118,33976
22371,10
7761,5
100,120
13368
134
11613,4104
560,146
27768
27737
20180
6493
17693,47
19593
6460,10
3743
1208,9
4297,24
3785,1264
14287,154
1213
22086,13
6766,75
14746,38
90,21210
560,1183
9226,16
627,275
8287
29,12363
30117
37785
1638
28400
397
20540
8987,300
118,2813
28481,154
5016,47
15177,282
33272,1208
13837
40432
19726
7608
22838
2636
560,283
627,92
39563,13
29,19667
40110
26895
30056
1873
118,95
118,64
4509
4809
571,19864,28
33912
8346
13354
10836,75
8331
21693
14406
627,78
6025,939
26594
16918,10
1090,17752
4070,122
17693,352
3341,24
2716,162
354,98
118,17672
118,64,75
298,9877,47
35702,101
26949
4030
30872
100,269
245
10932
605,5361,62
1694,33
658,8
7109
958,7
627,169
6025,16
7048,47
31501
12488
39082,162
42225
12186,7
1397
438,4467
463,172
102,828
31535
1121
100,399,75
40084
27524,7
3750
2739,2838,13
29902
620,35820
2527,3036
8877,18
24196
27363
43348
118,581
118,300
6350
29126
424,22736
9006,7
102,367
6390
243,21
100,802
894
698
6199,7
90,27082
22710
33471
29,4113
2962
118,40
118,216
118,4157
118,619
6460,103
13193
40544
29100
417,12247
24001,3999
438,4344
9006,5
102,319
1694,214
90,6576
14616
8585,18
627,183
620,44637
2527,139
4294
14066
995,19
1529,7
8458,4226,7
459,13286
13751,363
1949,102
43688
118,74
118,240
2977,293
1990,22371
28481,268
31072
225,20768
36896
5901
2401
4970
22446
4917
791
100,74
100,33,10
100,4443
401
6968,58
6968,216
35621
5640
1694,15390
7325,282,75
658,19
15922
10010,214
627,276
34845
12465,9
37945,24320
8726
19017
7755
35301
25252
1075,571
17745,47
29933
37167,10
28636
7068,2507
37460
32696
27037
18924,219
1250,127
22086,13,5
4148
16587
100,437,98
100,581,28
100,23126
6968,64
605,2533
5488
627,129
627,94
16111,10
33437
17481
338
7049
4783,92
1594,38
9591
3628,7374
7333,10
22371,127
3463,424
44617
40053
27398
34420
19807,7
15954
1409,5
428,12807
1610,89
3762
5096
25518
19787,8856
100,437,164,7
100,109
17781,10
28750
20328
10781
12857
10724
605,27407
658,13
90,10382
560,224
627,3778
31653,47
29015
620,5858
9946
37587
3355
119,46328
462,19873
28371
405,18,10
118,1017
298,7363
438,4987
428,995
281,10
463,122
463,38,437
12861
38158
1779
2515
100,202
1039,119,9422,4469,14888
219,857
658,15
15605,203
31387
34982
32588
38483
1193,8285
40451
23252
1116,768
2926
38356
11584,102
757,98
118,348
9547,154
7333,57
24610
2977,66
30900
18317,2855
7761,127
19302
12368
9232,27941
4684
33542
17143
1610,1488
1644,31
1584,605
771,1173
10365
3972
14587
23736
574,3384
19065
14181
113,6785
10932,45869
5985
605
4489,594
958,13
212,139
627,97
11953
10815
4162
12364
32155
12592
19746,24
7078,162
462,11842
3690,556,7
405,15
354,202
354,164,7,28
118,802
24792,31466
11990,57
26778
6460,24
7761,10
4155
7450,1071
6298
1322,98
102,269
713,16
970
13987,47
3684
1039,90,8615,438,19252
1039,16134,26979,3938
113,118
6968,197
6968,1669
12196,10
31135,7
12967
30674
8766
41042
560,310
560,989
90,8586
6025,21
39563,13,5
29,4742
43258
8877,16
29,11918
642,2857
5970
33456
2137,5
13650
19746,162
42746
10859,11
12690
298,1469,1342
34019
1999
29528
16320
15476
417,2389
14035
28638
10339
3785,4321
1250,9
10669,20466
102,319,9
12948
31133
22985,7
40181
6785,300
1729
30086
534,15356
19085
947,7984,131,246
113,354
113,100,437
6968,40
41493
7325,98
45061
658,23
90,1694,2580
627,1086
26594,7
16101
29,9451
12778,9997
24638
3807,462
6406
1638,857
13523
23760
13724,29,101
13724,196
36600
405,40
354,3999
42182
118,1034
118,120
9178,32
29086
31858
9021
225,20768,154
10232,4291
7254,75,120
35852
17304,28
36327
16008,19266
7424,47
4297,117
4297,24,18
12514,154
1644,11
1584,5113
9475,75
1250,183
1185,214
2264,10
21583
30327
6715
37049
14541
10285
1106,47
100,2813,38,115
100,524,98
15724
5945
406
246,4,288
29631
11655
36535
9578,405
29225
627,1650
26316,162
29,3194,857
13033
1264,9,5
27257,11416
4783,275
26895,28
5349,162
462,14337
3479,254
8458,225,7
3341,14
2629,45
36615
2463
9547,24358
42891
1990,110
1990,277
35093
36078
10555
16319
5016,24
24001,47
4297,122
4297,45
17788
13437,9
13825
428,1208
428
415,70
463,70
260,1946
9904
32112
10926
14944
3765,534
19847
24152
100,348,57
100,129
100,2039
100,657,47
19203
2709
47058
466
6968,348
605,27209
605,17037,2650
5632,69
12196,16
605,42557
5412
34375,8
26003
9983
16883
90,5556
29,5858
26302,4048
41685
35624
19530
9144
37615
17827
32981
13765
8596
4783,308
4783,3795
4783,4252
19838
4321,87
1794,350
19746,10
17497
462,5992,9
462,21101
3341,42
10219
354,122
3592
298,895,11695
6460,24276
34732
13597,1173
3463,7042
417,2550
22641
4297,4356
29715
9902
14600
1584,33130
4384,31
260,6344
17485
19933
10004
6570
12116
243,16
100,437,6661
100,1705,75
12350,6620
35703
21518
6968,581
34798
24390
17526
1694,46462
90,21210,154
560,192,47
21959
620,5858,11
6462
620,7870
34845,7
2527,41242
29,22321
1478
2527,205
1193,26307
8674
29,625,14
41995
30164
7221
995,89
261,110
30695
4783,1028
4691,11282
462,10174
462,24832
330,4651
11584,9
27390,29
354,269
38908
179,110
179,5,662
4261
1594,1717
20030
298,3340,225
18252
2977,179
571,9417
571,13948
9289
12997,21746
20668
17193,7
39566,5686
10232,18957
24009
26692,3999
18554
11127,8598
18758
8267
611,43910
611,13552
6940
438,37250
9519,4048
10339,16963
3983,139
22776,219
32424
102,182
102,457
102,481
14783
25101
37188
43094
11094
41541
9690
41083,9
11983
2444
100,437,202
100,240,10
100,2649,127
100,218,75,216
100,218,75,33
894,18
534,16037
12350,662
534,19864
14740
18064
44299
541
113,8987
16625,13367
6968,241
14742
605,2832,2961
605,10776
9830
14746,24
12196,18
1694,8602
605,13093,154
1694,32
10097
9738,22968
7171
31586
560,120,103
26636,415
9226,186
9226,662
627,144
34982,7
19423
29,1688
33234
25382
1193,4344
3866,6537
35349,5
39544
22459
48317
8726,1538
43196
10416
2911,1253
32041
33331
995,9,5
20412
6909
1529,5
8310,8
3654,28
282,6183
282,23099
282,1115
4783,9377
4783,94
4783,78
119,40527
34606
44773
43956
7078,24
462,12677
462,3876
462,1916,139
12139
2716,18
2716,162,216
38229
2088
28778,1264
12473,5
179,3267
118,269
118,2220,75
118,4443
3530
4740,119
571,6439,271
8396,13
26650,162
506,24029
13364,2802
19252
30097,268
6156
22023
19987
12963,600
36187
37460,5
417,879,2362
19306
22313
44770
14853
29465
36847
31818
24635
4901
3340,19954,877
3785,1970
463,300
424,939
20774
2456,3427
6643
2001,25667
3707,3109
9006,110
21461
5625
2915
5320,35820
17643
22491
100,437,95
100,2220,75
31414
26615
9325
13755
32136
398
844
996
9839
5632,110
14746,37
18724
90,22383
90,2126
26673
15605,1099
34375,21
212,12935
6025,18,596
1334,24786
859,102
19675
29,40485
36368
43146,219
10799
1193,8285,8
17276,282,75
42065
5727
28357,14
3431
642,22552
4892,42216
11181
10212
29404
261,42
282,1459
25616,186
25616,86
4783,1441
4783,2138
119,12677
119,5715
27363,1342
119,9422
29917
119,18502
1794,927
1794,1253
26111
8458
43828
267,687
26960
267,30783
354,117
1588,1630
118,2649,127
118,657,47
26677,1506
298,35783
19178,162
700,16
12354
8396,8498
8396,662
2977,409
26650,47
21290
15801
23972,66
16695
17195
16963
7349
37694
36220
41536
26692,24
10067,14477
11127,1949
10672
6106
34806
438,8645
28401
32207
6350,9
11880
22505
9902,18028
9773
4929
20974
38788
23219
26407
30954
27740
895,298
895
10669,5
36617
24002
1185,64
12375
10494
565,15975,7
39648
29656,29
19224
11979
22885
6407
18114
17049
100,437,686
100,657,127
100,16112
100,218,75,101
100,222
100,17672
100,31124
19204
17781,10,372
725,11695
717,1295
44604
495,34874
347,927
12583
29287,16170
19085,7
250,33130
3750,513
4688
7982
35,104
1092
947,19377
48742,17860
113,14287,154
113,3750
219,22383
219,5634
6968,1017
219,1250
1178
13293
14656,282,75
30938
605,3036
605,6234
29544
42996
14746,40
11613,2923
10534
29530
34076
31834
33400
20079
5087
257,58
17137,405,19017
21512
90,7651,9
9226,76
90,14631
90,12578
4184,833
4184,16364
16714,3876
8005
620,12198
3641,40132
8490
23115
3730
20263
26286
29,5065
12689
37785,47
24196,5
1090,17752,7,28
23167
241,14675
9946,219
41045
11017
2300
7269
20473
15129
34846
44170
37874
10337
261,127,169,7
2678,298
32903
4783,7409
19456,29
19456
119,6806
25254
30658
28583
27905,127
462,26897
2716,2577
44957
462,39782
2560
34549,162
267,620
2629,98
35471
179,657
118,619,101
21301
9178,32,47
10120,523
4393,9700
11990,10,372
298,1626
298,23786
4539
18252,9762
8396,6620
571,4097
44412
1990,6460
33266
33791
7068,2507,101
3463,45548
22466,9773
12963,154
225,20768,196
25581
4352,14730
4352
37782,97
14582
20226
37251
417,4422
38501
21033
438,15975
20401
12659
17304,3999
438,4894,154
438,12746
41011
24233
44951
3998,32915
23420
2871,254
24882
11173
33485
18924
30406,4567
428,17137
8304
428,5622
8527,2403
25784
9484
1584
3785,8569
3785,9773
2279,2160,154
463,69
34742
43465
1851,75
35468
102,353
41010
970,18
11329,2923
35490
4239
31231
4763
3196
16646
2191
4030,5648
9873
13449
34266,18
45104
13721
28407
43845
40622
100,437,562
35634
11478
28586
10993
11243
8275
8773
10836
1708,24,18
387,18266
250,1401
40860
11913
2571
1039,8974,22448,13792,2527
1039,267,3109,3153,8498
1039,28257,500,44275
1039,27693,281,28638,29
246,2586
113,12350
