627
560
100
102
14721,37189,83
14721,37189,163
113,35396,3320
463
1116
6968
6025
4783
179
1990
354
7325
261
5632
11990
405
100,437
1610
700
9226
8987
3654
3341
133
1794
415
5016
44412
16625
4297
1594
2527
12724
1322
281
1694
10010
27066
1185
6460
1990,5
260
6677
12196
506,24029
9006
1250
2401
995
113,35396,3320,35,38
7424
2409
17341
257
1264
32835
7254,75
35507
7761
14656
9178
1843
22371
28613
179,5
713
1116,5
12186
2847
100,33
12891,7
428,3239
100,581
35396,3320
8155
368
11970
20042
1106
8877
405,18
2977
31934,75
14178
14746
560,109
7424,75
1711
6968,214
43258
1970
17830
7443
261,5
28431
118
415,5
658
282,1023,2538
4321
27768
7048
30012
1644
463,38
250
32835,7
25616
8396
571,19864
22111
4651
19726
100,348
41042
560,120
958
6025,18
12465
8338
2362
7333
12963
102,410,828
100,21
894
113,35396,3320,35,38,437
8585
20982
13724
2716
13751
354,10
33990
605,4057
560,28
9179
24770
10669
243
100,524
1708
13040
25017
995,9
26650
35702
3955
24001
1409
9442
23033
2387
9830
7109
90,15975,7
29902
397
1594,47
1711,18
100,64
34982
2126
4783,8446
19746
2670
37251
13437
463,51
48149,133
17479
19827
12338
5881,5559
24836
170
243,18
100,218,75
20235
1694,214
35369
17276
4162
8726
1116,39
282,11702,281
17693
46078
44412,4556,37189,83
5016,5
8494,16637
3785
14656,28
5488
8569
710
560,33
13247
26316
16111
18891
1529
8310
3341,10
34318,75
9006,5
102,367
2264
1106,47
12857
25800
2527,38
4070
28258
1116,10
5349
27390
354,45
179,127
11990,57
438,41112
7936
19807
8527
281,10
30035
102,319,9
6390
1121
44823
11368
5632,5
11613,1688
687
8877,18
41995
7877
354,95
12473
37782
38158
45010
306,212
113,35396,3320,35,38,4157
17526,75
3056
1970,7
31586
18401
5652
8813
3690
179,110
1594,38
10859
700,18
5521,2459
19347
26559
6294
7608
2515
100,437,6908
6826,8856
134
113,35396,3320,35,20
113,35396,3320,35,280
113,35396,3320,35,1599,75
6014
7760
6677,28
29676
605,17184
560,192
627,129
627,220
627,26536
627,275
6025,51
12037,42639
12037,26536
41404
41690
21996
5970
261,127
34361
4783,793
43348
1902
5367
330,4651
11990,26
30900
9502
417,4179,32594
5016,24
37251,177,4,1336,16
417,1758
25607,1295
1208
30639
14035
2611,1397
5384,12448
1185,216
1779
29972
1213,348
41626,246
7516
6785
13882
100,206
100,115
406,18
698,18
113,35396,3320,35,3216
5640
11613,4104
1694,240,7
7325,19943
33869
90,4894
15605
627,15328
627,94
6025,38,437
16883,10
16918
13124
30117
10393
8877,21
4162,9
28357
16402
28674
2137
261,39
261,599
19456,44412,268
1794,16382
12488
39082
3341,5
8987,10,410,828
354,23523,13897
1594,1717
700,34
34732
44412,179
33601,8
9021
31072
991
35593
23866
11880
1322,45
40432
463,127
44804
1185,214
7565
1213,32
574,3384
100,348,57
1749
176
113,35396,3320,35,38,437,98
113,35396,3320,35,38,393
48149,1106
180
5632,10
6677,836
9830,359,1275
5525
21714
560,109,402
10010,214
627,12620
6025,18,41
29,24029
4182,4345
16752
30164
642,28102
5234,5489,1258,13,41039,133
21996,11
17283
2137,3004
38428
7078
11584,9
405,66
354,282,75
354,145
1594,52
34055
28636
506,23289
34204
37180
3955,5
30012,5
14861
17304,282,75
24336
32757
24233
6350
438,4344
281,5
30303
463,51,240
1851,75
102,35786,8446
36639,2538
565,31520
1213,214
4528,828,5559
12948
5320
29891
14541
2444,1941,248,1862
100,23523
14484,12870
20178,113,24681,318
2709
597,23806
