627
45641
560
35212,4086
463
24001
2264
45641,35,653
7325
113,35212,4086
102
1116
179
12724
700
45641,35,653,222
7608
1843
45641,35,2612
354
1990
261
5632
179,5
6025
560,5
5016
415
1116,5
10010
133
24001,5
8877
45641,35,3394
12186
6179
45641,35,1336
45641,35,2612,222
14746
17341
405
3654
35212,4086,35,91
100
26692
45641,35,653,21
6460
415,5
261,5
35212,4086,35,20
2977
7761
11990
281
1250
14656
658
25017
12196
24770
3341
2527
995
4297
22371
19827
31135
1322
17304
10669
35212,4086,35,264
45641,35,2612,21
7048
45641,35,653,222,5
1409
10567
1610
9006
32835
35212,4086,35,252
1208
5525
113,35212,4086,35,20
35349
5785
9179
7078
19746
45641,35,1336,171
8155
1264
35369
530,2681,14785,257
605,17184
45641,35,1336,222
4,15680
45641,35,4820,222
354,5
113,35212,4086,35,91
12465
12473
19456
31934,75
4783
7325,10
38572
45641,35,653,473
6968
21046
12891
13650
33601
13437
32835,7
958
560,120
27363
41042
9226
7443
45641,35,653,16
8585
605,17184,7
28613
560,213
260
16111
7333
45641,35,6834
700,21
19256
438,4344
23033
27635
8361
18028
19726
4651
7761,5
1594
14746,37
1644
12891,7
24877
104,2368
2977,7
405,21
26559
368
3955
2137
35212,4086,35,85
16319
7424
90,6576
34331
179,10
5016,77
31135,7
1694
26086
1990,10
12368
7109
560,109
560,28
11970
38056
25616
9502
20180
3746
8569
13724,196
27398
7885
5488
13837
35212,4086,35,38
8527
5632,39
571,4097
21685
45641,35,520
45641,35,653,16,5
560,146
995,9
12186,10
45641,35,2612,222,5
45641,35,3394,21
26650
113,35212,4086,35,520
13040
3479
113,35212,4086,35,264
13724
8396
19807
8729
18393
12473,5
2977,7,5
25158
6025,37
1970
45641,35,3394,222
4970,196
279
9902
45641,35,653,3195
26442
12963
21169
7325,45
179,39
8338
24001,45
13247
27066
18031
261,39
560,192
19178
627,766,9
28357
22111
3690
2463,6353
4155
33437
4321
9178
3138
27333
13193
1250,5
2362
462,21101
13751
35702
35507
45641,35,4820,222,5
8813
877
45641,35,3394,16
10097,196
21512
8005
462,12677
37460
25042,1536
11584,9
12186,7
113,35212,4086,35,572
7325,182
1529
3341,7
11990,7
5632,10
41204
113,35212,4086,35,509
3917
261,10
14746,79
10010,58
17304,282,75
462,13349
330,4651
35212,4086,35,85,21
19854
35301
5016,71
20907
19347
14891
4384
15691
627,97
7877
22466
35693
113,35212,4086,35,252
9983
2962
15097
22128
30035
5632,69
1794
38584
354,10
37251
9442
25370,4469
26316
8877,21
24770,7
35212,4086,35,1892
19993
397
700,56
560,33
627,766,9,5
4070
20982
13089
261,69
6960
179,69
33671
45641,35,520,222
627,2143
995,9,5
2629
6460,7
428,27400
45641,35,653,761,9
5412
560,3529
28431
11990,10
2670
1409,5
863,11867
5652
18317
9106
5016,11
3512
113,35212,4086,35,85
113,35212,4086,35,96
700,115
530,2681,14785,257,18
3698
15605
23167
642,12151,219
15129
1116,39
1116,69
14546
17479
38457
35212,4086,35,166
45641,35,2612,473
8585,21
6025,79
30484
21976
45641,35,4820,21
14656,28
25800
6462
700,74
30012
22505
45641,35,653,156
387,27825
7325,282,75
560,185
627,284
18891
14853
35212,4086,35,832
45641,35,653,1102,77
45641,35,653,109
17830
9179,15
34846
3785
9006,5
35212,4086,35,1405
35212,4086,35,125
627,2335
18062
12338
29715
13437,37
23031,4783
560,907
11672
627,3907
627,78
39544
34033
4393,9700
34732
36429
26156
35212,4086,35,152
18393,219
16025
4,15680,35,653
18
12857
658,7
5785,19
29827
32041
2716
102,410
6014
8877,56
12354
463,99
627,15359,14785,257
9179,5
17693
462,13349,7
20974
102,319,9
35212,4086,35,91,21
487,2462,337
627,1816
23115
700,16
4297,37
1644,7
24021
4,15680,35,3394
29510
90,10382
7171
12745
28371
298,7363
37460,5
33272,1208
29126
30303
463,439
23031
7325,98
10097
13713
5349
27390
700,794
506,30672
44914
16142,119,6435
45641,35,653,1102,7
6199
627,220
627,94
41404
11219
35212,4086,35,509
6460,10
1990,69
7051
31818
102,380
33869,7
25252
20042
31315
24009
28638
45641,35,653,58
10350,895
36535
5087
627,410
627,275
13124
642,4291
6493
3654,101
29933
12186,57
29100
34318,75
5901
17143
17788
4970
281,37
1250,9,5
45641,35,653,222,15282
15827
863,1873
1106
180
627,20830
627,4758
8287
2527,37
3866,6537
6406
1990,39
4825,9945
15886
2013
102,92
35212,4086,35,91,56
35242
19843
14746,37,21
90,20777
560,465
12724,964
17304,45
428,12807
5134
11070,3512
45641,35,6834,9,5,511
113,35212,4086,35,38
627,1049
38483
43146
29,625
4294
28199
42225
37492
34204
37782
11156,3876
13639,4399
13837,5
42093
212,10461
30919,48226
11802
10231
37180
24001,2101
2001,25667
45641,35,653,32
36176
10980
658,8
90,2160
627,82
627,380
19423
8877,115
2050
1264,9,5
45384
13724,196,23
1843,2674
26559,5
417,12247
611,13552
438,4344,7
14178
102,205
25089
13123
10006
18255
90,10382,7
8877,74
28674
34664
36615
12724,3795
11990,13
18790
3955,5
5016,77,79
7424,75
25784
463,172
500,40812
45641,35,653,3195,21
530,2681,14785,257,16
113,35212,4086,35,85,21
113,35212,4086,35,287
16625
9830
11018
41042,123
560,1137
18581,2089
20952
29404
1116,15359,14785,257
8498
38428
45052
19746,10
462,21101,7
1843,985
700,300
22371,10
39566,5686
32265
36847
281,79
463,38
15691,4783
44339
35212,4086,35,520
35212,4086,35,610
32743
11613,4104
10010,794
627,37390
9946
25870
261,49
3690,13
267,25844
179,15359,14785,257
23022
12724,985
3530
38597
3998,3355
10999
32984
605,27407
560,244
26003
10010,115
16111,10
4182,1342
30164
995,7
1529,5
25616,7
119,12677
462,5992,9
6421,25
9591
16395
281,10
35212,4086,35,252,58
12083
487,2462,3644
8773
39253
34320
6,8
113,35212,4086,35,509,183
2675
19010
10724
11672,5
627,144
10815
2137,5
41964
44576
12724,92
12724,2674
700,399,75
7333,10
9635
22371,7,5
15476
27057
5016,13
438,10708
463,99,222
1043,14500
45641,35,2612,58
605,5361,62
627,313
1193,9725
43348
39082
30704
354,45
10120
17195
37120
20774
26949
23638,4291,1634
36915,324
100,21
41004
36009
7325,67
658,19
30674
10010,74
627,3539
16883
2527,79
24196
24863
7078,10
3341,10
11985
3628
37167
611,3876
7907
35212,4086,35,407
35212,4086,35,15282
45641,35,2612,399,75
45641,35,653,1907,9
34899
11983
4688,7468
113,35212,4086,35,374
113,35212,4086,35,832
627,3778
627,25684
627,3299
627,343
10868
33437,7
7755,9,5
35457
19593
40307,605
9579
7033
14069
19295
16353
281,51
45641,35,653,3122
27029,324
38646
6,54
605,368,10382
40743
10010,56
16402,13
642,35280
2126
462,12677,7
571,13948
7761,39
7761,69
7936
22641
4684
611,43910
13437,79
23031,4783,18
35212,4086,35,509,183
21169,4783
39712
15638
448,13421
38178,4901
34103
34464
2739,2838
90,15975,7
560,489
627,34695
17624
4184,16364
16752
12005
8738
28613,14
35514,196
10212
1116,15359,14785,257,18
8310
3654,10
19471
506,6234
6294
5016,11,5
28401
10339,16963
104,1780,342
35212,4086,35,178
45641,35,2612,222,610
510,7027,1634
4030,469
14009
448,7165,324
21910
37731
25395
387,7027,32001
387,46450
113,35212,4086,35,152
113,35212,4086,35,125
26840
12295
3056
41042,69
560,1339
627,1086
627,29629
627,1883
26302,4189
30117
5646
7078,69
16244
330,4651,14
330,15418
12724,1441
37265
700,271
11107
7068,10244
417,14655
8267
10800,5069
19807,7
7885,1441
102,367
43062
35212,4086,35,14239
35212,4086,35,264,21
35212,4086,35,7835
35212,4086,35,83
574,5846
29345
36977
4,15680,35,2612
6,10
113,35212,4086,35,318
113,35212,4086,35,91,21
113,35212,4086,35,3347
7325,350
22710
29902
627,20571
14595
1478
29,9451
3730
338,8231
1116,106
6960,5
1908,3121
33601,19
225,20768,196
21046,13
5016,19
24336
33912
24262,48060
438,19906
24773
31876
17921
1644,7,5
4384,31,5
29390
19860
24877,8
31036,139
19663
6968,64
5632,49
9578,405
15922
34375
627,18292
627,21068
627,1928
17950,8293
8687
859,8365
31935
4182,5326
1193,8013
19520
39470
34664,5
13650,21
26895
27363,4783
462,14337
17693,7
43750
30056
354,164,7
154,48205
700,56,7
11600
13981
6460,7,5
30929
38299,29
24686
11046
24836
463,342
565,5715,1634
22403,324
16750,1916
25887
28915
113,35212,4086,35,407
113,35212,4086,35,83
31421
14746,51,58
14746,24
658,7,5
5087,5
31586
12347
8585,58
627,920
620,658,102
12364
35514
41340
3355
462,11842
13724,29
5367
1245
36907
179,49
24770,10
27300,5134
16320
19252
40544
23099
8304
6298
28878,16170
428,5113
260,29318
35212,4086,35,264,56
35212,4086,35,2708
22041
45641,35,653,222,3045
45641,35,7538,19
37049
40330
32879
100,437
725,36232
21136
25302
42501
16084
25158,18
6,53
113,35212,4086,35,520,51
6199,7
4489,594
560,185,10
9426,6691
7048,10
23454
642,1023,4740
2137,8
24932
4321,87
26111
8529
1949,102
9178,171
8361,7
700,6640
18116
571,9417
7761,10
36078
3955,8
24001,45,236
1208,13
17304,146
35190,154
14859
13639,4344
281,24
1322,47
40432
463,303
565,10168
35212,4086,35,85,21,10
35212,4086,35,572
45641,35,96,61
29390,4783
22885
39931
18393,18
37185
24434
863,4344,219
39568
717,5652
18348,261,1020
30678
113,35212,4086,35,1405
113,35212,4086,35,497
5632,123
5488,21
605,10852
560,3581
627,514
627,200
627,40703
90,5556
29,20115
2527,51
23428
29,4742
13089,19
2362,1496
462,1499
330,18308
179,760,9,5
8361,8
11377,19456
8396,23
30900
28236
28781
19779
9021
39566,548
7424,28
11557
23411
32424
1610,3494,7
26551
23031,18
35212,4086,35,2206
35212,4086,35,2101
35212,4086,35,2722
510,9657,219
100,64
15536,4450
15075
387,24471
387,11867
29460,607
4,15680,35,653,16,5
113,35212,4086,35,616
113,35212,4086,35,520,37
8155,21
14746,69
687
30172
90,7651
627,177
627,8492
47370
2527,38
29,16729
30453,337
29,4113
39009,11645
1001,2794
9179,11,5
7748,8293
642,22552,9
34378
462,6998
462,1264,352
18076
462,3699
354,15359,14785,257,18
4539
571,10461
11377,6709
1399
38572,631
7254,75
5016,14
28638,29
12514,4610
104,4360,11409
35212,4086,35,3045
25244
45641,35,4820,58
510,45307
22611
4030,271
38268
5096,3494
29466
10567,18
27735,523
29648
19360
38563,9902
347,2028,219
113,35212,4086,35,1892
113,35212,4086,35,3128
8155,56
8569,51
7325,5074
13247,14
627,10771
627,2369,14,38,1682
627,2440
26594,196
26594
4184,757
43176
8490
36368
2527,203
33471
9144
5970
20473
10212,196
33780
19456,18
7078,24
459,9419
36600
7037
405,16
1594,51
12724,1041
1843,13367
1843,1441
11990,57
2977,293
571,4097,69
21928
21967
22466,183
20226
24001,45,101
10672
16312,40116
3998,16231
4297,51
428,40485
8527,2403
26407
428,3994
271,36040
260,793
10669,20466
102,739
23031,37994
35212,4086,35,280
35212,4086,35,3128
35212,4086,35,1308
35212,4086,35,5905
35212,4086,35,96
35212,4086,35,404
104,10708
104,12614,324
23287
46496,560
9064,30210
45641,35,2612,21,10471,324
45641,35,3394,851
45641,35,3394,70
45641,35,653,1102,7,5
23675
863,7372,8,6918
44898,324
100,581
534,4903,102
534,2560,6343
5404,607
495,3707,219
16804
113,35212,4086,35,4337
219,16349
14656,282,75
25765
22197
7760
5632,127
20235
16507
17341,51
5412,8
2739,2838,13
90,8508,5225
90,15093
627,5015
627,1011,9
212,22697
17950,43432
34982
29,12061
39009,33127,5065
29827,62
32041,62
33331
21330
17745,196
1794,16382
38542
27905
405,185
12473,10
26677,1506
21719
1843,2138
42225,10
36058
11455
18028,18
28481
18790,5
29651,1827
611,3175
1409,10
9773
23033,51
13437,24
13825
463,2075
463,190
14447,6812,268
565,6249
3972
565,1452,594,260
12582,3994,219
35212,4086,35,252,56
35212,4086,35,1892,37
35212,4086,35,4143
35212,4086,35,91,300
35212,4086,35,91,399,75
35212,4086,35,91,67
104,7243,12037
45641,35,653,1102,148,5
33453,8538
45787,10790,298,1571
863,366,324
42268,658
725,25984,18
42144
35007
43714
844
134
4,15680,35,3394,21
113,35212,4086,35,166
113,35212,4086,35,96,5
113,35212,4086,35,635
13293
29631
29530
32835,7,120
18468,24669
27768
627,1964
627,4649,8
627,13058
6025,156,69
16918,25
9179,10
33593
12459
28030
33456
2362,65
13650,16
4783,3795
7877,9,5
5806,8831,918
28583
32218
30266
11527
405,13
354,41
298,7363,39
26677
12724,13404
24770,13367
1843,1041
700,794,10
8849
11377,1916
28636
2977,71
31699
16320,9
28481,196
26837
876,3697
3245,6199
5881
8494,16637
13437,9
428,12541
7384,1113
463,34
1250,21825
26156,18
104,1970,3146,6455
35212,4086,35,2477
35212,4086,35,345,58
35212,4086,35,4471
35212,4086,35,85,16
500,7027
45641,35,2612,222,2101
45641,35,6871
448,13749
14273,594
725,2028,687
6766,75
347,41921
27298
387,2962,139
25441,6658
113,35212,4086,35,91,399,75
17526,75
14746,610
5924
605,12061
5557
30033
560,146,69
212,10461,5
10010,70
13040,37
627,35640
627,934
6031,10987
620,35575
12465,9,5
12689
1090,293
1090,12080
241,19348
35356,352
2379,102
18239,4450
44170,9
1529,39
858,8774,12514,8489
30191
3916,1506
5481
1245,196
462,8772
267,14672
354,182
24701,1459
12473,39
12724,1141
24770,19
10859
700,21,182
700,120
7210,7067
22547
22023
7349
25581,2253,5113
24914
15097,7
14035
15497
31818,8
23471
37120,9
428,12807,10
428,39943
805,15
428,3994,154
415,5,2221
10669,39
44317,2013
35212,4086,35,345,21,10
35212,4086,35,9561
35212,4086,35,264,67
35212,4086,35,957
35212,4086,35,1405,985
35212,4086,35,91,802
35212,4086,35,7632
17643
104,1742
21169,8
45641,35,2612,21,1206
45641,35,2612,222,4471
45641,35,653,8265
38517
574,12709
21644
25767
27709
32259,26351
387,6998,4134,2681
387,27825,18
398
113,35212,4086,35,590
113,35212,4086,35,1308
30997
35621,19
1845
3583,1397
26257,219
2739,4560
9965,4699
705,1043,1258
90,13448
90,1722,5954,5
33063,3938
41042,162
560,3068
627,2931
627,3907,790
627,2569
8355
17481
37945,24320
26058
39544,15,5
37615
642,40826
642,8855
39437,2176
12211
19838
12478
1794,927
31501
19746,62
19086
15204,2176
37750
12724,2335
700,3894,5347
34019
29528
26650,69
2670,9
13268
506,29094
35151
31072
12963,154
21046,225
19306
417,10887
10111,9271
35190,918
24233
4297,1334,19252
35763,594
428,3994,196
29126,5103
4970,196,39
260,505
31636
1250,9,39
23201
33531
9634
565,15373
21976,8
2515,13861
35212,4086,35,2667
35212,4086,35,1960
35212,4086,35,8781
35212,4086,35,38,524
35212,4086,35,91,74
35212,4086,35,91,794,10
35212,4086,35,287
28563
45641,35,2612,21,502
45641,35,2612,473,2668
45641,35,4820,16
45641,35,653,222,8553,109
45641,35,653,222,5905
448,2723,219
530,7333
530,16496
27270,1916
35703
717,16134,219
8275
4771,625
3684,219
13112,1409
4,15680,35,653,473
113,35212,4086,35,26825
113,35212,4086,35,286
113,35212,4086,35,7835
6677
3583
548,6460,6058
10928
44661
15922,29
90,12353
28881
18582
26673
25017,2674
627,769,2028,22719
627,13305
627,30425
627,449,18308
627,35292
3869
859,102
11636
40100
9426,1641
17723
7048,15,39
19301
39009
26641,625
5593,991,30546
41935
34410
28885
22609
13765
14189
1116,514
30695
30484,7,907
119,40527
13848
41947
5646,45823
7078,62
2716,69
6960,2137
462,48250
8377
39132
1594,47
9547,196
24770,4,15680,35,653,21
37265,8
4393,15341
8425
571,4097,106
571,4097,123
1990,49
1990,103
1990,10,410
4825,9945,8
19198
13597,1173
15476,409
30688
506,27670
3843
1397,62
30423
438,10382
10800,45732
32696
876,38213
3998,757,5134
36695
16008,19266
41641
23375,18
438,1580
4297,1334
4297,37,21
37148
30241
9902,1440
428,20997
7384,16264
3785,1264
20774,19
1580
102,1233
102,3027
17485
20320,1342,1696
25464
6323
35212,4086,35,1813
35212,4086,35,17016
35212,4086,35,85,18
36354,324
45641,35,653,21,12972
45641,35,653,7075
45641,35,653,2594,71
45641,35,1336,251,222
10169,12037
37565
38563,9902,21
23295
4688,102
4310
4,15680,35,3394,16,5
113,35212,4086,35,252,58
113,35212,4086,35,345,58
113,35212,4086,35,20,343
113,35212,4086,35,178
23372
8331
11655
34451
605,6555
36965
12764
34076
9578,9314
38321,3569
21237,5686
4328,1758
4328,1671
4328,625,7469
560,907,49
22710,59
25017,8523
25017,964
627,14188,5015
627,1650,101
627,3778,21
627,8978
627,6496
627,25684,619
627,410,2143,18,766,54
627,4758,45,422
627,24311,6455,9965
627,1456,219
6025,18
16883,5
12557,4862,1720
620,5858
8190
4182,1397
25414
29,18615
41685,9
2527,52
29,8310
37945,3320
1193,26307
1193,3540
1193,11287
19530
28613,37,74
22725
7110,8616,3277
40451
5982,43617
36902
9946,14271
12326
35750
15110
13718,2158
4862,19777
2300,196
5785,1037
2911,17184
2379,1488
995,9,39
261,5,97
261,63
23702
282,3876
30484,10
11535
4783,4252
40898
34663
34606
25430
462,1758
462,48957
15356,3624
19613,611,658
267,32561
354,460
19003
3138,9
9547,154,7
32001,30340
298,8231
298,4376
298,3340,5846
5521,10092
17282
7210,625
506,41023
1990,22371
1990,6460
26559,29
18055
1342,3215
6588,571
6588,15291
6588,2420
16319,14
17165,12127,29
20098
12659
611,24353
2871,254
1755,8726
9519,4048
428,22747
17788,11
33996
31240
20365
415,513
463,422
463,851
10669,79
23444
9006,141
1185
38619,324
23031,4783,18,4252
25089,18
133,19956
13987,47
14124
35212,4086,35,252,14964
35212,4086,35,252,70
35212,4086,35,1892,79
35212,4086,35,7411
35212,4086,35,978
35212,4086,35,6145
35212,4086,35,5790
35212,4086,35,2503
35212,4086,35,7687
33671,18
45641,35,2612,630,75
45641,35,653,86,9
45641,35,653,16,277
45641,35,653,222,2101
45641,35,653,3195,58
25531
32884,26889
448,10708
448,14286
574,10758
530,28892
44898
39237
24434,18
39568,18
16197,33650
9682,10071
20319
33402,35030
4771,1075,1741
16764
34320,128,29
2765
38056,18
37419
6,61
6,16
113,35212,4086,35,2667
113,35212,4086,35,2101
329,3964,33764
219,2154,7363
10733
5189
29633
11613,1075
605,13093,154
40731
10806,6514
4328,1671,7424
958,51
90,2550
10010,146
627,22048,628,7
627,6907,6950
627,2143,300
31653,47
859,1488
26594,7
32123
4184,424
12557,22627
10936,42629,3569
34996
4670
620,12198
620,7870
3641
4182,14265
27840
4182,3863
25515
24810
29,858,6650
33234,352
13664
8674
1090,605
39114,877
1090,991
39478
1001,15291
8643,16830
30921
32300
8726
9179,2577
642,17387
12501,1496
5873,1517
26892
2379,34807
32337
12592
13650,13
26895,28
5806,30179
1794,1253
42855
13724,13,39
462,2485
4308
38229
15204,12088
330,14851
12609
405,137,6540,156,24
30877
38908,9
179,26441
298,34225
11616
9591,10
37283
12724,308
12724,1150
1843,4252
7333,12953
12186,1102,7
13839,9
8396,33542
571,13533,3361
16135
46349
4825,22042
43713
32297
33030
38572,761,9
38572,3477
16891
30842
34645,33144
3463,12,31362,687,5015
41486
38299
36187
37460,5,6154,16752
27057,19
16319,4740
26037,8598,88
24001,45,33
24001,5105
36895
10273,8538,5
14861,19
4469,282,3569,2530,23503
438,4489
27527
27278,352
26601,29
3998,19780
25315
4684,3569
11156,6355
14069,8489
438,12019
1409,69
43637
40426
9442,10
13639,9410
13639,9898
24167
35219,352
415,49,334,220
40981
1322,11,5
2279,5564
2279,2160,196,30
463,26
463,7249
260,443,9
424,22736
34742
2456
771,37298,6598
15691,4783,18
35212,4086,35,252,32
35212,4086,35,345,32
35212,4086,35,20,12094
35212,4086,35,20,2143
35212,4086,35,3199
35212,4086,35,4160
35212,4086,35,12972
35212,4086,35,2488
35212,4086,35,6139
35212,4086,35,9014
25285
30394
30250
45641,35,520,109
45641,35,653,222,871
45641,35,96,99,76,21
45641,35,1336,171,430,2127
7516
3084
19854,8
26690
10787
530,2681,14785,257,18,7925,4901
29466,18
6785
36728,219
36728
37144
41884,18
100,20962,2529,12170
39531,783,463,298,12999
11478,3876
534,5174
717,548,7436
31870,225
9682,4242
495,5858
8773,18
347,7363,354
347,9657,219
4771,43910
41016
20653,324,18
387,7027,298,1809
387,1342,607
17521,18
17521
250,3952
10127,30922
250,19087,102
36288
245
246
17472
6,4578
113,35212,4086,35,1216
113,35212,4086,35,20,220,183
113,35212,4086,35,1773
113,35212,4086,35,1740
113,35212,4086,35,5095
12938,347
6968,32
219,4422
36238
605,1344
605,594
16507,12,5827
605,8663,75
31441
9578,2838
9578,4560
90,46539
21714
40368
560,860,7,465
90,33863
90,8586
212,5087
212,19649
212,23512
9983,498
34331,7,146
25017,1413
25017,985
627,3907,145,847
627,2130,21,818
627,35264
627,29629,29,39,766
627,33362,5,78
627,1969
627,766,9,5,621
627,94,86
627,275,4085
627,3403,869,18
17950,12349
26316,29
31647
27924
10058
4184,1545
29,40485
34935
620,20636
620,9056,22852
6526,5686
620,27638
18462,7633
29,12363
39088
29,25741,10859
29,12781,857
2527,718
2527,49
2527,444
9426,1848,23
9426,16349
9996,1949
33986
1193,22179
33091
37785
41642
1090,33578
42876
38652
29,1180,1755
29,1097
4070,71
338,4376
5691
241,35802
5593,5069
19954,2379
30164,10
763,241
24638
4892,42216
42354,6228
8024,31198
642,1848,9
13566,1580,9,15359,14785,257,18
2379,2726
14066
642,463,281
642,3290,5556
34843
642,3760
12486,49
4447
34545
368,10
1638,857
13533
3654,196
3654,4735
3654,868
282,44963
21113
33212,9956
282,990
858,8774,19357
119,3698,8014
4321,87,65
5806,42566
27363,224,1960,115,45
27363,608,23,5
21818
119,28844,1926,8
24872
12488
119,2583
16266,3569
462,2137
1902
6991
15124
2716,18
38229,196
43828
11985,5103
462,5526
7203,176
330,1459
38584,15
7488,2463
20768
37097
179,5,662,8
179,403
757,37620
298,3252,4462
9547
31670
12724,30894,18
21810
44122
1843,37061
1843,15649
1843,2440
1843,2374,14891,16190
19279
11990,14
12186,3621,18,4115,15
4740,119
36378
16472,225
12697
571,3699
6460,31,5
506,39212
33601,33
25258
1990,80
7051,8
506,4086
506,8831,87
506,9875
7349,225
32118
225,20768,29
3314,42990
6228,62
242,34927
12541
37782,97
39566,5686,15,39,2480,12,34806
24686,154
417,5246,2399,4235
37251,8089
24001,5,144
24001,4831
17272,27699
17452,5554
26243
15177,4628
417,14655,851,69
36573
438,4467
21033,33579
35852
3865,6320,7618
3865,28354
29582,6,8
438,2192
611,4765
11156,3876,99
2871,4468
1755,5646,4270
7424,47
21669
438,44866
4297,14
10734,4048
23411,1033
7450,1071
7820
33840,459
8527,2403,87
24836,23
1610,4550
15112
415,5,380
30961,2072
47774
463,4650,24
463,784,14851
463,1798,77
28574,636,14281
40808
34276,2192
102,319,9,2775
10988,8784
846,41790
4154,42456
40270
23031,8
565,1452,594,260,21345
565,1452,594
133,5109
35212,4086,35,1560
35212,4086,35,252,702
35212,4086,35,20,32660
35212,4086,35,11592,212,271
35212,4086,35,4130
35212,4086,35,6939
35212,4086,35,25455
104,10247,219
500,10708,18967
12444,10528,18
45641,35,3394,222,5905,2540
45641,35,3394,1146,70,5
45641,35,653,222,18148,1137
45641,35,1336,171,6419
510,1180,352
23166,4450
33453,8538,8,31808
673,4291,18
7199
25602
487,2462,4575,242
487,2462,337,18
487,44510
14541
19854,833,8
25117,4977,261
448,14286,18
574,17302
7939,18
10766,20732,8
38544,18
574,1113
574,337,405,7748,6,5371,677,34607,710
530,783,1512
530,13255,118
530,10042
22681
863,6537
18031,108,985
29951
11015
725,36232,13271
725,25984,18,985
33153,7180
42594,763
597,13749
38178,4901,5041
495,36252
10836,47
387,9772,30658
42984
9325,17782
39021,102
4688,25582
35242,18
41540
2022
1646,212,3220
4,15680,35,2612,35385,219
113,35212,4086,35,2647
113,35212,4086,35,345,32
113,35212,4086,35,9561
113,35212,4086,35,264,6138
113,35212,4086,35,4130
113,35212,4086,35,8553
113,35212,4086,35,2978
113,35212,4086,35,1648
113,35212,4086,35,3224
113,35212,4086,35,767,7,5
