8
5
9
4400,1076
10
7
321
11
16
13
25
15
14
112
30
195
32
19
9,5
20
28
41
57
52
61
34
50
31
33
11,5
42
341
173
634
215
64
304
467
15,5
2156,52
84
1421
2777
5241
8008
96
7,5
215,25
45
335
19850
2156,61
24
166
67
6193
2239
364,4,571
227
1548
2136
34,57
1743
64,28
33055
1246
42168
152
36912,3569
132
204
25,10
5415
55
46195
716
33,57
2788
286
2156,5155
1575
36,364,4,571
9095
21
155
716,15
1617
9,10
952,7258
45774,28201
144
278
97
23
8369
346
128,29
1122
775
349
2156,6193
103
1850
3092
4013
414
83
1492
3788
7528
4525
1058
209
65
346,9
7969
1602
8148
986
46563
6448
3184
5448
1966
80
7,28
49
17325
557
1905
6708
129
13,5
31,5
430
17194
304,9
11305
88
11,10
484
4999
8548
87
30,5
2156,7528
192
48946
16,10
16,5
25,5
147
485
39608
7373
936
2655
4482
8558
1901
81
171
13,1246
51
10437
53
2156,6708
19,5
4400,1076,4,2156,3788
3780
70
2370
10206
3645
4400,1076,4,2156,6193
6054
2156,3788
36,7528
5,276
3547
2339
167
36,5241
36,3788
43756
2156,4999
36,3010
173,15
634,5
3907
14,5
1110
234,21992
2156,215,25
1122,7
431
28564,268
1632
156
15491
2226
2156,4482
172
4972
38675,9779
63
680
8408
1547
8985
2706
2731,23861
85
11054
303
1602,11
25,11
36,2266
58
341,11
78
595
29206
1541
1944
182
5,304,9
278,9
609
66
101
25187,119,2726
4400,1076,4,2156,3503
4400,1076,4,2156,4013
20257
142
289,3888,534
2156,53
36,8148
3505
3685
6885
19,10
157
304,5
6694
37015
15,10
1632,2777
36912,3569,1492
23226
4400,1076,4,2156,5241
2975
993
189
8135
455
4400,1076,4,2156,1824
5377
258
577
23,5
286,1246
287
19645
2156,147
36,5155
40
1732
3980
5,144
2526
43372
5774
22810
46470,47980
598
2156,8148
36,2338
36,3503
3880
986,173
2225
36912,17505
739
24,16
217
275
716,15,5
10,346,9
234,1879,241
41545
36,4999
36,6708
150
77
819
7460
11170
36451
5049
59
2156,9633
1437,2537
2939
187
3115
682
7208
1026
7721
2094
5114
2156,61,16
36,9095
36,13668
47041
3505,9
34694
1294
1233
9355
694
117
2450
141
33,57,1850
937
2982,3146,1023,9762
227,5
47760
13668
2156,7969
74
624
5389
1472
774
864
233
643
203
11991
16,45
576
11410
8194
36,4482
3748
3270
1296
1836
2007
1915
1330
1989
15029
50,5
4756
44875
4327
6264
1114
471
205
115
2731,23861,3547
38163
30,10
357
1548,7
3857
11077,5760
152,16
14171,3916
11151
2156,52,304
36,1824
1732,9
33760
634,10
16245,14148,5580
678
3744
747
672
617
13,10
109,45
6533
403
16964
1065
85,16
2156,9095
36,46470,47980
1337
106
9205
3218
1300
1707
3611
81,5
84,986,173
4083,30
1171
11,61
13135
1056
367
1283
5849,731
1402
1200
8369,7
22432
36,192
549
130
14301
215,25,5
16762
2178
2634
146
11801
5933
2660
773,11
42752
239
31,10
568
1701
6676
8611
9513
7162
14077
1111
2156,187
36,939,4,242
36,7969
341,13
304,10
62
6680
39186,1938
6609
10364
650
197
15501,30054
2017
1433
38954,16307
11,1110,9
114
4400,1076,4,2156,1125
6411
64,28,341,7
1490
7576
32,45
1216
15738,3578
635
11735
12330
14580
5,275
30464
1850,30
19039
6448,13
3099
13144
516
1050
259
25187,45816
13,349
3373
709
22997,102
7681
373
8,16816,2001,18708
416
1223,8660
1993
14786,3569
229,3540,10245
289,35664
3515
381
7853,1506,119,8293
3266
341,30
14,16
2849,438,40918,1938
1341
1142
5327
2633
8117
12980
1461
9,349
766
14823
16,67
2942
27380
1169
19771
2024
31492
2502
45068,1070
1288
9766,11
5997,13345
12355,700,3623
6036
1859
211,7060
2223
2156,150
2156,217
36,11735
36,5114
7791
86
14831
5,775
892
9825
980
1715
1263
557,15
6177
18102
43471
9,84
9976,9
92
7268,41586
1131
189,28
11,84
5129
4828
1407
465
2210
190
12735
10726,9
14198
1380,24072
1380
4120
32,716,15
8,7380
8,5415
41,8258,4330
13444,857,12,3609,3153,254
26266
901
1464,10368
3409,1250,783
20582
726,1193,9665
14428
19099
1241
3538
542,16101,25376
41762
1058,414
5,1421
14,32
431,11
1639
3008
25212
6373
8720
1797
8204
335,31
11,41
505
31098
499
5043
40001
14660
17528
16045
9280
5693
419
3854,337
24173
16311
39816
11730
2632
4050
4986
33900
874
25,157,25
25,41
15690,15721
255
4787,8256
509
14380,3851,3623
2044
83,346,9
290
2156,939,4,242
2156,1824
2156,12497
1364
1810
52,33
17606
149
5,78
1002
185
2528
1860
98
4230
898
4625
769,43976
5864,15
864,15635
1455
16782
477
14023
9801
65,9,5
9,209
240
429
4521
16,55
26076
8047
12628
16420
626
4472
3221
4271
1412
43547
1537
23,513
5259
3253
8,172
8,9967
899
20372,29
59,5
6494
5598
7192
226,25077
1628
9351,990,5113
1378
660
14488
2156,4525
36,10136,8
2333
1907
5,346,9
5,595
4084
5116
8069
4010
2167
13931
46264
1471
4249
6087
15501,9956
586
15339
233,9,5
1980
6154,31992,5564
1421,9
18670
38954,1952
36912,3569,11410
16,41
5574,9
4785
2228
16934
45087,1258
1498
1118
1380,27368
15836,154
64,28,303,11
1503
143
566
420
616
166,354,46443,8
10623
20,467
12817,534
1876
96,84
36,234,1879,241
36,8008
36,14488
396
624,5
3143,9
3018
2833
6097
7,84
7,3058
7,2179
4776
422
9749
8823
5135
829
25860
2052
48206
82
1533
4412
16437
39608,2655
1804
16274
5120
4620
3112
2773
1887
45371
42689
3948
1687
30756
145
3881,7
5894,9
2386
136
45272,3699
166,304,5
1773
4998
8116,677
7278,22205
96,5
11510
289,8891
289,16261
1515
46179
1501,44871
3166,6607
3823
158
36,10206
74,28
23341
52,40
634,41
5674
5,754,14
5,1065
87,5
924
46195,774
3919
769,19217
10746
1195,87
4692
7089
1272
6126
1313
47777
43756,3980
17818
4195
15,42
7626
44875,29
14513
7958
3527
5448,16
20410
24704
2259
400
1964
2557
335,23226
4047,20576,337,1575
1736
11,430
6264,11
10614
16335
3489
44030
4139
5239
14073
4400,1076,4,2156,9633
656
1202
263
8503
115,28
17261
46644,2961
6363
32771
1542
11767
277
8,5997,13345
1760
10,278,9
152,1548
255,7976
5387,7222
12462
8097,1069
16129,397
23614,3450
1745
3522
289,3343,225,1916,906
13483,4311
18835,8
286,4327
1448,12186,625
5245,1396,12,597,3810,397
32295,118,387
125
2265,15069,242
9853
231
365
2156,11735
2156,13668
36,17370
12801,9
3924
1732,9,5
201
35237,14286,196
1004
5,7576
14,42
46478
2788,18072,1938
1385
602
6694,278
19737
37423
37105
1149
194,12,1116,12,627,12,2013
17966
2128
3625
969
197,28
46195,8985
2835,1258
4391
3552
5032,1168,3697
1552
5407
1330,1825
49466,642
4997,7
15603,6315
910
22680
15501,30054,41473,7913
15393
7797
9322
9156,154
23720
621
2718
1763
308
4303
15,5,18483,863
2430
3092,13
4532,47382
4737
817
872
251
2514
2777,1421
10405
1386
3855
2274
750,12,805
519
20181,3693
1950
13,171
2061
9538
2433
37213
16369
9250
6089
1061
15423
3854
3373,11
45073,5119
2226,30
1254
7448
6308
4292
28255
14697
3059
198
4795
3811
443
8,63
8,42070,267,4132
8,732,4422,20082
943
6030
10,1402
25689
28274
305,324,1610
4171
26117,241,8839
13417,1396
15562,271
764,506,33465,139
7346,565
9817
248
11562,1439
9882,1342
5076
3889,1488,13776
96,144
22935
289
7965,12789,2279
272,13706,705
34305
1740
4150,1758,6082
24691,4321
19188,22870
3643,873
9096
5306
6832
163,906,4621
7093,4715,4400,1076
25606,192
6708,102
316
2156,4846
36,229,3540,10245
3007
447
1617,32
1060
9641
157,12,6421
2939,10
1434
34561
3700
3907,5760
6214,24091
2341
3944,23199
7,694
7,97
7,5368
38577
4233
8558,215,25
1800
10114,12822
23725
1997
3462
2257
2735
1622
526
26929
450
1302
5799
2703
12767,15
1675
769,12,19217
6177,775,11
1377
12574,23020
801
310
563
317
13018
32242
4359
15157
28094
15,141,7
9,39608
9,19771
531
27250,1630,337
20686
614
36912,3569,2178
540
42715
739,12,8056
762
34751
24,21
2679
680,5
11,42,2225
3927
2782
3585
2006
2956
244,12,10067,330
34,57,1433
2388
20992
499,173
32407
481
4828,1809
882
4400,1076,4,2156,7969
4400,1076,4,36,4999
6305
2375
30700
40846,179,3693
2698
6054,1743
12673
17032
568,3907
1953
42168,38954,16307
2731
5377,12,3743
1383
9712
14364
10451,7
4358
10266
4786
2807
1984
745
1684
2730
2120,7
25,1602,30
9437
5274
47234
8,10972,329,1879,2401,718,25326,1438
8,3310,4060,12,387,9222
8,41545
18999
35566
45508
2171
20372
590
6494,1943
8630,5
252
2064,1001,415
6202,1417
8390
4250
12180
1811,3153
1811,873,293
1811,1437,2537
4849
11800
4129,34338,32732,14171,3916,36,289,3888,534
29206,19445
234,13438
32146
9109,2636,139
3635,19596
9605,118,2507
24694,49707
2529,26642
14969
226,35308,5580
3350,23793
2722,1397,1529
26234,1190,1417
20810
272,3985,267,12001
34907
274,1545
163
2044,516,9,557
36211
7528,25606,12663,11456
479,306
4839,3907
36,11892
36,211,7060,8
7606,5849,731
1319
21,3744
1954
7133
1217
1241,5
182,739
37681
923
17606,24173
748
2115
1528
1381
14620
2065
22121
7,1888
7,2592,10
12369
3891
7373,13
3817
20589
3649
9352
670
2402
5826
780
5385
1300,9
2829
20584
11382
2018,14
3565
458
5561
200
7692
3372
266
4158
13115
1219
588
45374
1639,10
1286
8326
1152
2622
27930
1406
332
11054,12,805
41473,281,337
3133
233,12,1116,12,40511
43756,3907
40127,34338
13433
25099,4383
65,64
904
9,40127,338,9354
5948
6925
1021
340
13953
295,12,28526,29
295,12,28526
295
203,55
46930
55,937
10639
9865
29002
2801
4532,11801,32809
17540,36912,17505
33493
12769
14578
36912,46043
2777,3092
14105
449,22181
1495
743
16,576
8418
3893
5329
30401,6948
11,1337
11,97
36987
14085
939
723
37,710,16307
37,46177
5516
372
1637
10846
4811
1026,805
40001,12,4897
40001,194
6456
444
6731
4442
16217
19251
421
8785
18286
515
10516
1445
8186
45278
13774
1170,33
14146
5838
473
7664
2226,10
13684
45087,5033
31492,46563
24165,21519
46133
414,3880
25072
25778
4577
42168,12,805
37617
38270
8200
31350
15053
23431
15224
45979
3260
25434
575
64,28,341,7,1477
3280
18043
3618
741
7265,9
26350
23,513,13
9159
25,3905
8369,680
8369,13
1948
8,73,368
8,49
8,27167,31010
8,407,23926,3788
8,4787,8256
8,289,17698
41,26266
460
1157
5091
6860
32942
1604
10379
468,4623,700,293
345,32
14159
9513,112
5527,219,3697
993,6448
17110
12041,282,1115,3994,3592,36,7528
15738,3578,8
10829,26655
28284,500,12,11194
17925
384
6068
234,4911,22516
30060,7815
19211
234,11736,27327
496
7840
32097
901,682
16272,337
3771,7043,36,7969
6309,26979,3239
22718,28302
25519
18485,337,1794,8,8744,1090,757
23860,1758,2156,272,8448,1120
229,9772,2089,8,20,4438
16053,8,1454
27268,8
289,30993,2865
27506,5691,29,8,13806,1222,6498
1934,1120
91
2482,873,1073,9060,8,3066,7375,2601
272,2407,11454,611
2974,1173,397
4974,26133
10160,1210,7743,28470
43082
19139,7037
274,4014,29
20008
381,1794,459
14850
43290,6761
11302,8
34710,5033,226,35308,16307
5415,36,7528
4920,128,29
26684,12,9518,9671
10636,523,2156,840,29420,298,7146
41545,128,29
2091,783,8
7253
163,3850,791
726,330,2957,462,1543,8,16128,1671
3773,330,7043
83,55
25606,952,7258
1125,428
1125,102
4482,428
18202
727
15140
479,246
36,3538
36,13262,8
36,3577
36,11151
128,29,36019,2630
12801,2122
