5
7
20
10
38
14
16
610
9
8
21
11
47
28
37
15
13
40
2708
19
1585
11,5
33
222
54
55
39
7,28
24
23
30
34
61
45
91
56
31
85
252
9,5
87
313
32
74
25
69
166
1040
123
57
342
280
42
109
79
653
162
152
143
3394
15,5
70
127
88
62
851
52
64
14,37
23,5
53
345
83
41
794
264
103
85,16
59
26
216
213
197
58
5,55
206
2170
1816
1560
679
6834
610,16
66
3529
222,47
1636
110
82
203
114
399,75
358
101
2047
5,1040
33,57
19,10
1003
14964
521
393
156
115
2162
1051
1294
98
16,10
1011
370
19,5
2170,9
65
88,5
31,5
1302
1166
300
30,5
2143
7,33
7734
989
94
478
109,47
376
137
439
14,610
1336
51
50
429
20,55
117
171
15282
655
553
182
3244
342,5
3829
4337
89
38,437
99
49
218,75
236
314
2799
770
531
38,216
549
77
350
189
313,54
5836
74,28
4265
473
2046
81
2638
10,313
5066,13184
85,21
38,33
8205,34732,298
533
615
4758
6470
1072
1381
1145
3394,222
907
793
604
492
961
3262
7,28,10
164
18804
1365
8429
2263
70,5
174
14,47
26,14
123,7
2661
71
1308
38,524
3268
61,38
86
802
192
11944
66,9
657
27046
95
9540
598
439,7
223
209
2215
141
851,5
2335
38,348
693
120
2094
38,794
12220
1381,7
936
3493,9
16,45
37,21
213,7
679,14
1259
38,218,75
770,7
106
92
38,5170
81,5
159
20,313
440
2600
1059
10234
38,206
5053
660,1478
351,75
201
14,24
160
418
205
408
512
1960
40,28
169
149,5
14,52
6764
3244,7
2103
24923
2035
460
653,222
610,18
91,18
7,989
215
450
129
478,5
164,7
2786
136
318
6553
167
4265,14
224
394
84
410
24,21
1516
109,47,206
3769
4021
14,79
14,2708
582
6138
251
37,16
34,57
421
4441
2026,14
145
142
993
427
2722
96
17079
130
484
2045
794,5
269
310
23130
1415
1682
24,7
24,16
88,10
5253
520
19259
3045
54,21
1072,7
6704
66,9,5
747
9,39
985
55,87
965,75
630,75
920
64,75
639
14239
7343
38,851
173
223,5
3254
13305
144
2480
56,57
7921,7
847
345,16
610,2046
5363
38,679
3848
3604
146
3988
13,47,7
4024
53,38
932
136,5
15281
16589
37509,10774,1459
1060
14,37,21
2864
964
222,37
343
20,4758
2708,18
871
514
62,5
215,10
2540
621
1661
790
78
3299
1695
1146
2263,5
3621
38,236
274,13749
1573
54,16
7,109
5,1928
2075
4678
519
1372
303
465
3529,5
349
283
14964,5
3394,222,47
152,16
610,40
610,34
38,1051
404
54,56
80
2294
202
422
7058
3148
2740
1601
1467
761
37,40
4507
576
851,10
1064
3588
15378
59,5
1216
9786
286
1653,2560
5,2143
1302,7,28
2500,5
160,5
12908
6640
4262
1317
367
159,5
222,45
3394,109,47,206
4820
20,604
2155
2101
85,18
11254
1515
32860
3911
892
2551
11944,10
972
27701
34,10
1441
2162,10
2047,14
1394
8,2708
17016
38,1166
11668
7523
157
15158
7,120
5,1816
5,2026,14
185
8268
240
505
1613
17275
1150
18804,5
4957
1380
5670
10,205
1738
610,3244,7
38,553
1006
61,1040
3203
3859
969
17712
702
317
8453
11,42
1991
31,10
4731
2736
2773
6353
1382
2082
20,5253
25882,38311
374
38,581
38,56
38,14964
832
4858
91,16
2350
875
147
362
7,33,57
235
4362
2633
6665
24,7,28
1972
190
14166
25,10
96,5
38,218,75,216
274,6005
2370
1585,16
3047
3116
40,3529
61,32
1224
600
7326
2472
2185
63
114,37
10882,9
668
23598
701
33748
7304
3267
10,319,9
345,32
20,521
20,1294
20,394
20,2143
3259
1206
1534
38,439,7
7632
6289
15284
3303,424,991,13424
2512
664
3790
4021,5,1011
1686
17931
197,28
79,21
2142
1551
1341
20385
6345
38954,16307
739
489
123,7,28
259
2282,75
1102
13,162,7
292
9939
430
7015
8084
357
818
2612
20,3254
20,408
1534,19654
38,399,75
38,679,14
33268
1655
1585,18
7896
2223
47,197
19,39
7,146
5,1294
5,7356,254
2755
6387
816
8368
15,39
583
848
1495
16,350
12038
244
3598
3820
4076
15763,571,4183
138
124
20,2335
20,1040
280,18
440,65
4471
1454
610,26
7103
38,236,7
38,206,14
38,794,5
38,2047
8639
23056
12267
19,10,1275,1719
21,2828
7,30749
5,604
5,275
2724
26998
1834,7
4922
951
411
2761
6970
3627
707
334
1335
27041
9,42
9,209
220
782
25684
162,10
684
1159
114,47
239
19975
1637
1370
13,39
13,69
3539
1730
2778
626
4957,5
7142
5418
373
8492
2138
258
4437
8,10234
166,2047
2246
20,55,82
20,14917,15098
20,920
20,1011
4143
5529
1806
509
1483
2708,8
3217
85,16,505
38,101
1405
91,40
91,34
4028
2995
3921
572
40,213
39217
350,203
7,892
7,10154
5,1400,8
5850
402
878
2145
2225
117,65,1493
948
546
697
905
11,39
32602
39,1150
37,222
31,35548
481
358,6704
962
222,98
10879
380
2922
10,26700
11258
3394,109,47,206,14
20,2786
12417
20210
9369
610,64
38,1701
7957
5095
1982
21,576
7,3198
5,276
5,20976
5,92
5,55,37
5,1972
5,1883
14,961
629
1067,7
551
45362
686
3878
9716
79,1516
14140
285
249
563
97
122
7973
6536
7023
11,61
2480,6353
2131
184
37,18
24413,18
183
6308
1687
10017
30,1738,11247
1268
5667,8590
59,14
2290
1596
345,21
20,3907
20,4946
280,610
6840
24455
16498
1541
2708,40
610,16,26647,87
610,7013
5583
2321
38,216,10,313,54
26768
27808
23905
2615
17079,40
21776
497
107
76
17694
596
21,182
825
3980
2341
7,101
5,6665
5,920
14,51
5307
2934
1010
1958
16173
5764
7884
29511
5645
431
864
3097
1228
8676
2738
6683
1199
490
9,69
5324
5907
5803
33696
15434
16,99
16,956
1320
1114
141,203,3845,10,3041
4157
34,655
2029
937
13,1585
8146
1447
10743
961,54
3370
8896
8850
24313
2296
2845
2599
247
6049
1714
64,28
38070
6432
17241
409
1503
32,47
8,3268
1966
41,793
1712
10,2472
10,92
3394,16
616
6871
252,64
252,32
20,8453
20,512
6983
2206,11188,5357
407
8472
2708,1695,14
10488
1876
610,794
14557
2488
12893
11239
38,1017
38,5170,54
38,1146
6233
20258,4399,600
7687
404,5
83,313
648
2410
396
40,45
52,56
8832
667
2484
1139
17200
7,2661
7,28,25803,3859
802,14
172
5,1086
5,394
5,621
5,537
5,7304
5,3122
5,40319
14,24,21
8069
8268,5
9577
9316,6072
1958,196
79,16
26,37,74
266
2442
2600,16538,10028,162
26666
2570
6425
678
19340
4792
308
4288
15,2661
9,418
9008
127,2138
9694
4204
24136
189,33
2997
3033
25245,7
5430,7
1618
633
16,182
5207
2220,75
543,7
3679
2173
1733
851,5,1011
6231
689
1299
419
10789
1882
6652
473,45
8709,8855
26565
2299
1705,75
115,45
9857
2037
12644
376,11
30,127
53,10001
1490
25,171
15162
4102
8,2708,222
8,871
552
6023,9
3201
598,2661
345,58
20,1717,18883
20,28099
20,23503
20,793
20,1540
5348
15282,24923
4041
3801
1993
14309
12504
610,174
6469
38,770
38,1145
38,38276
38,655
91,21
91,11464
9747,16488
15482
871,11236
11014
1585,56
1664
287
1791
11206
1979,75
40,907
7546
21,94,644,316,212
341
11901,1023
8859
350,171
130,604
631
51,33
1235
5,232,16
5,2143,18
14,79,21
1137,47
3514,424
26115
670
2506
554
1994
979
4909
98,203
13763
79,18
484,664
278
3681
1782
2971
3556
25807
17434
3152
3758
4066
6490
8715
829
2600,9,16538,10028,162
1895
1272
1974
13136
1323
15,42
15,127
15,30
8658
38568,10288
1440
531,45
662
55,25045
529
685
356
1181
1532
13503
5836,5,1011
88,5,929
11,127
6317
2818
19122
2016
33,47
1411
7785
562
35124
284
2113
2104
3776
253
6790
39851
736
11720
1276
2913
3162
1355
32426,12202
376,7
486
53,37
2353
836
4293
6102
909
828
14678
1059,10
1099
577
7201
5240
3124
7244
1948,14
8,8639
67
416
2949
6978
6834,1040
4820,222,47
653,222,1585
3621,18822
252,33,117
20,22048
20,7326
20,929
20,621
20,18292
20,1883
20,2233
26836
8753
2155,16
18223,2292,22697
374,5
11266
28301
14309,18
5105
23087
610,3604
610,6138
38,156
38,20899
38,2980
35424,657,7,3529
1336,203
10588,740,19875
91,3203
6319,47
12220,2449
12220,174
16930
1585,40383
5847,2331
660
10641,2584
15284,32529
204
1423,14024
1593
74,31643,5,8528
8020
19,61
19,251
19,69
2508
40,1119
1104
150
2498
8581
52,2736
5130
454,24,56,2294
10771
6699,10
7,5555,5
7,28,10,6132
4021,5,1011,7
6680
5,3254
5,340
5,138
14,6682
2948
602
6017
12103
2322
4711
2504
1240
9049,1329
2214
2128
951,54
17753
12045
881
738
14336
1473
11305
3342
33831
20875
14501
422,409
1062
12438
6774
9917
1275
2189
5131
31927
33643
1455
20618
2697
15042
23520
1904
317,7
10582
15425
20301
15653
129,71
15,294
1523
904
9,127
25033
393,56
127,1150
6085,2572
4318
4884
12973
42486
442
2638,22189,9050,15269
7337
1415,62,5
1415,5
2541,196
1074
38954,661
2239
2777
848,5
16,533
25910
6581
88,41
6889
1003,7,28
723,5
34,555
1102,7
13177
2307
4085
1516,4904
760,9
31,39
14313
4951
13,171
1550
3386
4163
856,7933
3845,87,38,64
444
2473
2002
10543
1283
960
615,945
2254
18839,5
148
385,783,34372
27402
10230
8181
115,3116
2797
35851
567
606
2783,9
21068
13074
15378,274,6005,1835
464
1726
1984
13079
6967
6084
15304
18913
227
29149
57,98
1451,5
13095
11522
24628
2120
3835
14137,1626
8,103
8,127
36530
5353,7,68,4017,6,151
1507
20087,7948
3213
10,790
370,197
590
5994
17961
166,11122,119,4628
166,23548
31117
152,1040
20,6737
20,3737
20,129
20,30425
20,25684
20,1159
20,790
20,5253,4262
20,23118,5777
20,3449
20,2143,18
20,35008
7736,1742,13414
26269
993,9,5
264,460
9176
24737,16,22504,12947,159
1211
9141
3499
23232
1491
7738
901
17154
2708,34,393,27046
20938
2826
7836
610,342,39
610,1317
610,222,45
7103,26998
38,15158
38,174
38,8254,5
38,2740
38,1034
38,23662,196
38,27687
38,22610
1336,10025
14358
4858,56
19259,6807
91,15158
91,12419,610
6452,811
4587
286,610
7624
4690
6289,2928
23260,782
2503
13230,493
1653,2560,23439,196
1547,8895
41360
6284
