5
8
38
10
7
16
9
24
13
42
127
19
11
47
14
15
33
32
53
20
25
21
45
28
50
64
23
98
9,5
110
65
182
10373
304
31
85
51
152
41
95
209
70
40
55
56
120
38,33
114
34
101
372
87
205
77
15,5
62
59
74
66
11,5
16,10
106
117
2280
97
129
19,5
103
162
61
13,5
2162
99
143
109
1318
24,18
203
218,75
2369
341
38,348
269
157
13,10
240
67
634
1364
6129
524
30
190
24,16
57
318
38,437
7,28
142
425
410
173
38,21
473
15684
907
19,10
357
202
8,24
88
236
114,47
38,2162
81
38,524
300
86
47,64
89
115
172
63
58
33,10
396
1365
152,16
1152
80
252
92
14,38
71
5940
939
124
370
7,120
13,127
185
33,7
465
85,18
42,16
15,127
38,64
367
10,372
146
38,56
1886
275
251
144
49
213
78
278
11,10
171
122
11,127
476
141
7,304
318,47
276
38,74
42,10373
198
107
350
22180
319
222
64,75
14929
3034
1365,7
393
2579
224
206
657
650
15,10
615
160
216
10,367
10,319
98,38
1109
277
187
631
24,21
53,38
192
169
236,7
197
5,276
38,304
85,16
31,5
235
1933
150
9,127
132
10,205
47,33
65,9
19,42
19,127
156
403
125
10478
1216
5,275
70,5
1308
10,410
303
23,5
3584
7929
38,218,75
3493
546
164
54
828
47,32
342
630,75
793
686
77,38
51,32
13051
258
25,10
149
83
817
16,45
399,75
3822
402
358
460
5,2280
66,9
137
9,209
147
239
16,182
47,214
189
956
240,7
966
1166
1778
936
286
441,7
444
5,425
562
159
167
356
2564
34,10
489
540
155
8,51
38,300
1006
52
184
21,10
178
1823
614
30577
1256
1341
53,24
407
55,87
543
82
606
87,5
6173
655
10,828
519
2162,42
3298
2860
1763
10242
4206
145
376
430
10,182
10,319,9
9,42
94
2187
383
101,5
16,14
304,24
380
7462
6366
38,115
1645
6955
484
6162
5,10373
283
3214
1836
215
308
1969
1372
10373,16
47,236
61,16
33,57
770
818
2257
64,28
429
23,10
440
960
492
29850
195
5405
930
96
1153
227
99,38
84
14,47
351,75
1272
345
304,5
619
888
38,2162,42
47,240
14,24
1056
10535
7,109
1302
19560
88,5
2773
473,45
19185
520
2159
2356
56,7
932
362
223
1381
204
5,97
2441
2051
38,657
62,7
1491
74,28
234,6576
21762
28,10
9590
418
455
47,40
3195
24,34
1769
56,10
183
701
164,7
120,10
531
120,5
89,16
869
2170
572
253
38,101
3149
447
152,16,10
38,206
40,28
5,2369
13535,2459
860
802
2229
38,3584
7,907
467
59,5
42,65
24,1364
891
3188
2200
357,87
38,956
38,40
287
439
498
101,10
946
7522
38,1017
81,5
38,95
4136
7,185
1305
349
130
200
9972
3783
12178
77,47
409
600
941
2347
546,13
6039
929
18292
6063
4985
16,10,372
5567
1801
1099
1012
1744
1551
5940,42
634,5
1239
4406
797
1400
377
1546
252,32
1181
513
38,341
3473
2299
25,157
3190
699
10,891
1763,9
2274
7,146
1268
76
24,40
299
633
760
14,18
38,222
1318,16
4686
10,92
166
569
6880
109,45
42,1152
739
416
965,75
1798
654,5471
222,45
33,56
2740
10698
596
209,32
2007
422
1186
2220,75
34,57
602
32,45
370,64
653
1326
304,42
1085
2324
635
158
47,218,75
70,9
9478
24,473
722
1490
341,7
683
259
1622
15,110
114,38
1575
6148
7,465
220
2230
5,78
526
878
65,9,5
1276
1421
2386
19214
1004
8,172
323
310
615,7
42,16,10
27671
38,67
47,581
582
162,7
85,34
38,399,75
38,64,75
2045
6086
372,13
1905
593
47,120
454
12769
588
38,303
6564
280
7,110
5933
471
3703
38,109
2078
1094
30251
590
1810
4161
785
577
1137
1907
7,192
209,15684
26
24,74
481
2748
23,513
27349
4103
66,9,5
30,5
7,213
2600
11,110
1169
38,348,56
157,25
14206
16,41
2233
1606
4511
22575
15,42
2249
2497
218,75,33
966,5
16,95
229,5434
7,224
103,9
2016
5923
38,581
38,770
38,33,10
62,8
2369,1318
98,47
2526
1318,9
12722
16,117
1395
19,117
1732
7898
1930
645
2162,10
4231,4245
606,19
1518
142,38
25,24
10,2579
40,45
169,7
540,87
314
20,129
6496
7,489
490
1980
6288
1118
1302,7
1028
1386
36,100
317
6683
2200,5940
6864
643
404
182,205
3156
1493
4387
978
231
47,236,7
516
1025
360
456
1216,32
1195
477
13,162
667
5,144
4204
7,1744
2591
543,7
679
51,214
5,169
10373,13
244
754
464
142,9
25,157,25
509
7,3190
5,1933
9,110
31,127
36007
2813
517
301
290
5,6129
442
39627,225
278,9
551
13,110
891,9
765
1219
13,59
10,650
19,24
5,7929
8486
4753
38,56,7
634,42
7,173
2164
346
38,348,57
112
2204
905
1516
42,2280
5,1318
12303
74,33
24079
1165
1705,75
899
341,24
89,32
14,51
2530
4318
2778
865
3665
3568
554
728
2888
528
1521
57,634
648
770,7
1461
37
53,42
829
233
4016
923
24,18,10
457
19888
36,463
1318,8
7796
7246
64,120
45,33
10,1763
5,235
400
2770
38,2220,75
47,64,75
15295
4161,7
2110
1276,7
142,24
38,802
38,33,56
74,5940
1345
782
59,10
8127
51,58
10549
16,372
1057
528,7
497
203,55
1386,9
8,24,18
3668
5,234,6576
2198
38,437,45
2125
7297
124,7
8869
938,75
2939
5,86
17547
65,13
839
152,10373
38,240
1979,75
5385
3013
7,4686
822
2280,8
85,21
723
33,341
2799
32,182
10,251
1648
414
2705
2104
907,10
226
38,269
38,216
1086
33,45
851
1599,75
747
1415
12549
536
1578
99,47
98,14
1730
1118,7
1593
106,7
980
197,28
608
85,1364
2369,16
2119
45,28
240,10
70,127
10,891,9
3867
4343
5064
5,92
61,38
2514
432
99,24
98,24
1887
38,33,57
3748
4247
114,24
53,51
4428
738
11075
53,45
520,38
682
114,47,32
148
85,18,10
5010
5324
38,1276
667,7
1451
59,42
47,33,7
21,45
951
671
743
2029
376,19
8,24,16
10,380
3584,42
4049
676
2382
2408
11808
16,65
16,67
3139
77,24
203,357
519,7
3591
20808
38,2740
51,33
386
10,357
624
182,157
88,10
300,42
103,9,5
2735
881
1871
761
16,202
38,304,24
634,10
209,13
2045,7
626
38,33,7
1335
39
1119
47,33,10
14,32
215,25
2749
425,16
751
1747
2035
2333
5,13051
2422
160,5
9,106
1719
25,205
1272,19
2704
127,3034
55,3214
38533
114,47,33
1280
345,32
1122
24,16,10
819
24,630,75
26309
38,1381
98,203
127,793
2653
6870,35231,29
1712
10,1763,9
2682
187,38
144,9
1411
14893
2025,75
1157
10,76
1773
634,24
5,754
127,78
552
38,439
291
224,14
217
345,16
41570
106,13
215,10
2829
127,22180
546,13,10
56,117
198,5
262
5,3822
544
672
37183
5616
7,120,5
149,5
14,21
33,117
33,41
6731
12137
36322
6282
5,124
6738
1049
2280,16
23,70
36,5488
26123
1675
2085
697
989
21,182
7,342
6029
278,62
2185
761,9
790
3957,246
38,465
47,240,7
688
21,441,7
341,42
1701
1183
7,2324
5,1823
450
907,42
8,24,1364
38,2200
74,45
304,106
1095
936,19
146,686
685
138
6129,16
173,19
86,38
2128
425,8
6773
1649
136
598
286,5
7524
375
69
237
13,41
2674
85,473
5,760
795
657,42
16,269
3845
38,33,341
5,22180
1969,13
24,62
1280,9
616
10962,500
38,348,341
19,41
5,30577
2038
65,9,209
817,24
6288,7
4209
2340
101,24
3018
1224
7,1166
1199
127,2280
189,28
1317
4443
227,5
3280
7391
2710
4343,19
300,10
120,24
14050
53,24,18
25,47
10,936
38,74,5940
28685
3521
2500
948
816
657,5
696
2024
53,114
809
716
374
318,47,32
38,5940
5,476
5,403
614,1109
1495
16,1365
3106
1040
42,10373,16
23335
2125,9
512
1941
89,18
106,11
20,2369
38,2200,5940
7951
389
1241
5,754,14
363
956,10
239,1318
15684,32
25,205,25
41,4206
38,1276,7
38,2162,10
5,3149
5745
23107
1202
355
38,393
1718,5471
36,627
7,28,10
86,8
5,6173
161
127,184
505
13,5,425
13,103
22628
38,236
11921
7,278
42,6129
185,10
558
3120
5271
162,10
114,47,214
5,633
2903
775
13369
122,8
1427
379
36,368
42,1933
42,14929
1296
346,9
3739
5342
2031
1460
107,8
1217
7,946
7,120,10
192,5
95,25
14732
909
29236
2842
5492
81,10
205,13
882
2230,99
21675
115,45
943
25710
38,3584,42
4228
2833
3438
638
1166,5
583
6929
8,1365
524,45
38,304,42
1364,372
3911
143,97
8,1364
2067
311
9629
1152,16
429,28
16,10,205
1034
421
407,38
18609
396,10
694
127,92
101,42
465,5
847
768
64,304
1108
409,31
152,21
157,8
7,304,5
5,1318,9
2654
2129
804
766
1533
16,1256
88,127
576
13,143
2767
2811
420
38,202
7,8486
5,2170
6573
1508
3739,9
7014
13,81
3128
38,300,42
2512
47,109
912
4757
4906
16,99
16,205
2607
13,70
615,13
8089
1819
8,190
9160
318,47,214
111,38
1104
201
6662
7,860
42,631
9572
38,362
7,1268
5,3034
5,1886
670
1964
16,203
3425
6889
4682
53,24,16
639
71,10
3116
1504
86,7
1051
5701
32747
586
146,10
3563
24,18,45
20084
1778,2280
115,28
593,7
27399
10,200
2937
89,21
1240
924
146,24
3013,7
4520
828,9
4613
19,110
1141
7,517
5,14929
79
651
9463
24,4,20
9223
114,47,236
284
2332
5581
13051,16
8,202
85,16,10
38,524,182
186
1907,9
5,10478
5,6366
1835
3406
2162,24
2576
28,341
1394
654
47,197
42,6880
14,40
1339
24,66
8,51,32
8,473
21784
1346
174
5,13535,2459
9507
45,25
7337
16,10,182
961
575
993
42,1886
5,1461
1088
1302,7,28
959
15684,13
1892
38,21,441,7
110,2280
7,1930
5131
117,1272
2217
335
18954
33,393
41014,4135
4472
23,42
10,22180
221,3134
318,47,33
2494
1528
4940
7,492
631,16
5,299
5,1836
5,2441
233,9
823
3269
292
10,10478
280,18
727
7,4161
5,793
2551
36148
538
423
9337
3035
1200
6129,7
25,203
8,38,437
318,47,236
38,1166
38,101,5
45192
47,64,120
26977
860,7
14,47,64
14,34
98,444
10746
1639
10373,4,38
8429
2111
37687
283,19
2386,47
38,2813
38,829
4248
19,209
1114
3679
27362
486
10035,368
152,16,10,372
1510,12,2619
5,220
14,38,33
1195,87
1341,10
2999
15,41
2260
24,606
4460
1445
373
20,425
38,770,7
38,524,45
2700
47,304
47,115
19,70
3867,47
3608
31436
98,47,64
13964
1375
356,23
142,9,5
10,455
318,38
38,33,45
47,351,75
147,5
62,19
3605
2635
563
303,14
13,167
2254
152,10373,16
38,222,45
38,1705,75
35409
2223
396,143
147,47
3127
7,2229
3229
3547
7058
1989
127,9972
1950
13,55
8,1365,7
13064
5,5567
5,9590
794
3758
15481
1874
5779
3665,7
1285
2647
382,448
8192
38,218,75,33
47,189
5,2233
197,33
10028
5780
7663
216,99
205,1318
1531
1882
1932
1202,7
555
6344
8,24,21
15920
38,56,10
13296
3092
16,157
1320
5335
562,10
2671
1337
7,310
2053
106,15
5,2187
5,3298
2710,9
621
1569
7511
1804
1682
11,41
1307
6554
5043
34569
1065
10,881
1993
38,342
34975
2330
2690
1842
129,631
117,1181
5650
18300
7200
22574
357,87,5
38,74,33
17491
47,74
549
7,2564
2142
34910
353
1365,7,304
2377
33976
10,531
182,2579
2935
89,16,117
2326
5568
65,14
210
10373,15
4719
213,7
426
2378
567
137,38
25,51
552,19
370,40
38,33,117
7224
304,209
89,16,10
14,64
87,127
1227
2057
6185
1769,8
4485
8,122
24718
32926
47,348
4022
350,203
5,2204
7362
45,686
24,1006
13,10,367
595
2159,10
1490,12,179
1011
11792
85,67
38,348,655
7,1606
1359
1149
6921
2145
1744,5
6356
1374
5120
5500
265
30065
17025
38,109,45
36,3654
351,75,28
22893
5,6063
425,21
22713
4309
5567,428,23082
159,7
5581,9
8143
1303
8,89
10,588
10,6162
38,956,10
35338
47,429
1364,25
2294
1010
1079
425,9
986
8933
38,4443
34677
1805
1349
51,109
3793
187,5
678
9,167
44857,246
144,9,5
114,51
4085
6790
1525
38,460
107,536
304,19
5,1086
1338
531,33
1762
6756
2131
478
120,42
31,42
5175
218,75,240
1663
674
25,41
443
2092
10,278
39789
152,65
208,4734,700,5999
17112
304,127
7,4511
7,422
42,410
42,3298
5,936
5,1969
5,418
5,94
187,24
21927
3737
127,97
4133
4666
95,101
16,129
1946
4617
2440
142,51
716,15
10,2007
10,430
5008,34020
1364,157
147,38
157,156
157,13
561
42,425
371
5,654,5471
14,209
1473
2397
1263
342,24
295,6576
15408
1109,8
10373,14
95,2051
16,10,410
11,614
8917
159,5
12148
32839
32,372
10,150
10,182,205
16911
38,218,75,216
38,2162,209
47,907
232
173,13
3844
3149,797
5262
2087
402,14
3880
9108
127,29850
1467
8809
11,70
547
300,24
1613
3034,8
7241,1116,23189
38,657,42
5,1460,7
14,74
9995
4406,1825
557
25850,868
15,1645
904
4521
24,21,10
12332
11894
9659
2200,5940,42
444,25
855
1490,11
1944
18609,7
157,19
1434
62,127
1933,16
7,1004
7,4161,7
5,2369,16
98,171
1836,9
4797
1256,203
213,19
31,110
964
5656
34538
3674
10,7297
38,348,57,634
38,1395
2498
514
7,28,441,7
9455
1973
9,49
889
24,6,8
856,73,176,4,398
630,75,33
4496
64,185
1971
8,63
10,828,9
9359,30051
38,2162,24
30016
5,27349
5,7462
10295
2430
10468
4744
939,33
556
1299
3753
64,67
70,9,5
38,236,7
38,657,5
38,619
91
2315
439,7
1381,7
1349,3512
5,253
8327,17827
13603
30577,8
97,87
762
24,34,10
44184
4190
1447
190,600
253,9
1393
2263
5072
41,793
590,5
38,308
38,956,7
6319
5,425,16
1137,47
2369,1318,16
2662
4406,8
10028,19
342,5
228
127,2674
16,1341
1441
553
8,24,34
10,1778
1234
163,947,487
23595
1732,9
5,3493
5,2888
15899
472
1523
45,350
12033
489,5
11,143
114,110
9553
124,11
124,8
28127
1775
32570
47,1017
5,2369,1318
1836,8
411
4195
533
6640
13719
7526
24,74,28
24,124
2870
1457
1042
2721
41,1823
1100
20,10373
38,1979,75
125,38
19,143
1072
31919
62,15
7,10242
7,356
7,244
51,218,75
1413
2828
1082
929,13
3487
5940,24
1767
1532
1159
2396
10267
24,202
114,47,240
141,203
14929,16
1136
699,8
1714
5276,1071,298
3298,16
67,33
152,1152
252,214
3742
40,33
7,216
3441
2703
65,9,127
2579,8
433
11,49
465,24
1955
190,114
1047
24051
32,98
468,6391
152,6129
4022,59
42,2187
5,2274
6564,32747
1408
780
10242,11
18803
15,70
127,308
16,10,828
31077
15684,14
1420
13,484
14789
8402
2807
64,109
32,202
468,9822
6892,3807
38,348,2164
381,3196
12612
112,4,398
47,269
10825
21,95
7,4016
7,907,10
11283
1826
11464
17766
45584
836
7391,7
23,5,276
10,186
38,197
38,1199
38,78
77,51
7328
999
8534
5305
609
1759
50,98
9,63
24,473,45
7390
8980
42637
10498
3618
32,95
4558
8,939
8,303
1285,7
3031
11258
468,1178
25191
38,304,106
316
2136
7,1400
42,403
5,10535
202,33
650,8
15646
2225
15,209
3694
1266
7370
24,1302
21699
4069
1402
1312
70,14
468
8479
8432
110,3034
107,9
19,103
3046
923,13
7,1798
7174
5,18292
14,24,16
4776
2472
6788
14262
220,7
127,12137
817,10
8382
24,222
492,24
31,1645
4895
1230
2280,19
10,1099
47,216
74,5940,42
3143
51,40
106,19
5,3188
5,4136
5,2576
14,38,64
1228
97,6173
45,203
127,7929
2801
546,23
489,24
33,103
13,24
465,14
2295
606,19,10
53,114,47
10,353
370,581
22575,14929
345,18
4041
3709
38,185
38,33,655
35409,500
14121
40,173
5,2257
10628
103,97
458
2441,16
584
2247
13744,6315
782,7
6138
13026
16,350
16,372,13
2782
2140
5375
8010
3798
935
1619
14433
998
746
7,304,24
5,1165
5,1012
4535
98,38,64
1552
3190,5
9917
1275
2592
2740,42
1591
240,13
1762,9
11,645,7
519,10
56,57
13,47
22628,5933
115,33
1877
10,476
252,33
26553
38,437,182
38,489
5,701
22785
4492
1331
3584,10
1286
702
3745
9,768
4412
872
6351
1249,62
40410
9809
907,277
3595
2011
8901
99,51
2445
7,120,24
5,6955
14,24,18
388
12020
2345
27349,2078
1667
66,89
1633
1692
14105
114,47,236,7
722,9
1311
177
2609
1880
1542
6030
10,41570
2612
3437
38,938,75
38,304,5
38,682
178,5
47,240,10
2410
49030
4072
362,10
7,224,59
7,3438
7,1744,5
42,16,10,372
5,425,9
1110,9
1067
4889
98,114
7117
2183
1744,110
2738
14023
50,190
784,9401
16,357
1025,5
33,143
457,5
937
13,49
1045
3822,301
10,278,9
10,410,55
3216
17257,3631
6442
38,348,393
287,10
3788
19,162
341,13
7084
3944
3211
206,14
87,143
3165
185,24
2496
2167
34242
1237
4883
6244
1256,205
30251,88
189,33
2638
251,86
216,14
24,1239
24,16,45
3997
213,13
8047
856,73,134,4,398
20957
399,75,33
2563
2280,18
53,209
25,251,25
1216,15684
12723
11109
843
3023
223,5
5,1049
5,2249
5,29850
5,26309
23266
800
582,13
6052
18569
308,10
9,5,97
45,129
156,9
251,615
24,197
11,760,9
4442
16632
6254
20,6129
38,531
38,33,57,634
38,218,75,206
12895
9567
1832
660
7603
3143,9
62,11
7,3568
7,671
7,464
149,10
5,526
5,12769
3805,7
731
2075
30251,11
10242,24
1339,62
6639
1735
418,15
665
16,65,9,5
1477
1576
13135
13,107
13,144
109,47
2249,227
283,66
4689
5604
1684
9590,16
1553
143,9,5
277,65
10,6955
10,739
10,3034
20,129,631
32449
24386,677
85,18,45
20258,42807
2860,13
32172
6933
3047
3326
112,4,306
19,49
61,32
21,98
7992
402,7
1707
5083
1081
2532
82,54
1605
127,1141
10373,6,8
13,171
2249,11
2933
4577
5709
3473,8
6129,13
53,14,18
2290
8630
38,115,45
2615,75
7522,18
5663,5471
61,16,10
6110,5225
7,9337
42,1551
51,74
5,1445
25156
4793
737
3495
50,97
11745
2139
203,357,87
16,2579
1171
2274,1318
471,9484
34,41
11155
376,66
6885
10,936,19
10,7929
6575,330,368
38,437,686
36,5632
47,581,28
396,519,7
19,97
5,2526
5,2356
5,314
5,790
14,58
573
8119
850
2170,1318
684
24,6,53
24,1326
114,47,218,75
303,24
13,251
1683
464,5
907,24
53,38,437
3082
38,1415
38,679
52,33
885
454,38
51,2369
51,64
5,200
2903,323
192,114
683,47
5765
9219
24,160
24,1516
2029,47
7476
4865
701,9
2783
64,75,28
64,129
10535,8
23,184
25,203,25
41,2530
524,20524
67,34
420,5
10,5010
10,319,55
20,2369,16
5359
318,47,240
38,341,24
38,269,101
38,5324
38,1034
37206
3208
1878
359,3914
68,1866
173,15
19,42,10373
3270
167,54
42,1421
5,3195
806
929,7
691
2746
3680
7973
1207
2239
15602
33,7,28
3489
617
1929
2564,11
5136
535
6162,8
4238
41662
2148
64,2773
53,42,16
3187
70,9,127
4555
10131
38,524,634
163,3876
5,2280,8
5,6148
9626
5426
1227,7
3508
3493,9
9,5,2280
4146
7082
24,817
16,1153
20317
712
680
6317
5487
1026
13,63
3112
676,19
5581,9,882
4686,7
1498
2789
137,47
32,67
2093
44449
10,1969
10,543
7627
10385
1491,203
85,34,10
38,439,7
38,21,546,13
1868
155,2586
564
36,1990
47,40,28
2236
2724
2793
2792
1888
1920
4212
3973
15,49
15,24
3783,1886
24704
410,828
905,162
9200
16,41,4206
184,8
239,253
164,7,28
13,162,7
2230,25
473,45,33
5861
20393
5863
778
6129,38533
1059
70,81
21883
41989
20,78
20,2280
280,16
7929,468
38,33,393
870
2044
110,10373
40,109
5964
1656
23021,23324
3505
7,1744,127
3405
172,42
5,869
14,606,19
1787
15689
5128
3249
65,9,5,275
1716
162,14
10654
11,1110,9
5631
33,460
7533
56,65
3724
3587
2228
6792
3034,7
53,77
35156
874
2542
22431
1271
814
653,64
16703,37660
407,444
96,5
38,851
38,416
7301
132,4,398
727,5471
36,405
47,64,304
634,127
631,7
5,8869
5,1836,9
5,1318,9,5
1743
98,51
2559
6173,8
34442
3744
66,15
2579,7
10721,21424
33,80
652
358,86
473,24
7316
1886,16
6129,14
32964
1803
7494
3374
32,157
2975
20454
9160,5
10,1307
6892,3807,25191
3842
38,300,10
2381
11149
545
111,53
36,3341
173,157
3408
7,1871
7,162
5,12722
5,229,5434
1300
8852
3493,8
15029
12926
65,9,167
9,42,10373
9,5,10373
117,936
2289
19560,8
16,2299
114,47,33,10
30823
13,55,87
253,9,5
34634
1354
7246,87
1229
32,70
899,7
38,341,7
38,6573
43805
150,38
61,21
1650
7,14206
7,283
7,1649
5,7522
1686
2345,9
3357
18821
1974
2325
9202
531,28
1410
418,8
1468
356,101
95,59
16,818
16,10,2579
3855
7163
19351
34,117
13,402
6089
190,19
4053
403,8
1886,13
3639
10,614
10652
5716
1698
3779
38,341,42
38,33,2164
36,179
21,10,410
6923
14952
2416
7,1532
7,2382
106,23
1612
7019
5989
2097
3008
97,34910
2649
5909
628
761,459
88,110
11,84
18954,62
9337,62
2282,75
619,101
856,73,134,4,306
4804
36075
1887,7
6122
16126
3551
2280,3298
34621,35870
2082
8,52
16613
3029
85,40
85,630,75
38,11464
38,888
12389
8378
77,634
7,1183
42,30577
5,20808
14,38,348
28685,8
3686
2007,7
2823
334
921
485
19553
476,9572
233,9,5
2500,5
914
171,107
9972,8
24,10698
8574
2213
4157
2272
492,47
13,1268
253,62
1537
2927
17672
23,173
8,960
41,6731
789
10,346,9
10,828,55
30374
7806
374,5
4471,1641
38,554
38,156
38,2200,5940,42
38,1747
15626
1645,8
361
36,102
68,698
3915
341,11
80,9,209
452
7,1056
42,18292
631,14
7364
5,425,8
5,36322
554,7
23855
12502
5163
37102
269,205
1744,994
425,13
476,13051
50,80
15,299,9
45,190
5560
10373,34
10373,31
24,399,75
24,142
11,614,1109
11,403
1369
5450
22892,12445
1064
2984
5136,9
218,75,304
1404
6814
2845
7070
6676
1129
2992
2159,42
53,38,218,75
8,24,473
13836
10,2038
10,367,360
10478,6129
264
16923
38,437,45,686
5365
1257
19,63
7,278,62
7,3190,5
7,146,686
5,425,21
5,13964
5,4204
5,1011
4548
10117
98,38,218,75
1186,9
12189
1661
122,6,8
2425
171,97
1415,23
10373,4,20
10373,6,53
16,1622
16,122
3833
123
499
38956
3300
419
2967
13051,1672
7869
2280,14
7403
15304
25,444,25
4102
8,342
47375
2455
70,5,169
4960
59,24
10,251,86
5900,18801
10545
8228
1336
37183,5131
35622
11889
22180,18
1480,347
1510,12,2619,5471
36,281
74,28,10
40,45,28
40,393
7,465,10
7,4686,127
7,9160
42,3188
51,56
1158
98,38,115
1472
1335,8
477,8
30251,24
10242,8
46213
1323
2979
160,9
2775
14926
3543
18629
19185,8
275,9
5478
10,9972
520,47
152,16,41
318,47,236,7
38,2740,42
38,655
40,1153
40,94
7,638
209,383
5,10373,16
5,2280,16
686,14
11415
98,24,18
276,25
30577,7
936,16
2127
9805
15983
24,376
4877
11,63
4703
141,24
56,41
5567,15797
109,45,33
1844
263
1511
2273
6411
283,11
2031,13
1146
142,47
25,20454
10,1256
10,367,377
10,183
6011,196
28530
26959,11835
85,1006
85,1302
38,64,224
13233
112,73,176
36,6968
47,192
1364,19
173,11
1617
6410
61,817
2408,8
634,209
2115
454,47
174,162
7,4521
5,169,7
5,775
686,114
22395
98,38,437
3334
1632
4243
1181,87
1618
2173
120,106
13,10,251
3845,87
2105
190,77
148,5
2187,16
6122,15
11316
30,444
32,269
32,55
70,5,86
20,1318
20,9590
4642
318,47,33,10
38,74,5940,42
38,304,209
38,794
38,1835
38,218,75,101
1740
19888,869
5735
132,1187
173,372
21,41
8077
3424
7952
7,304,19
7,192,114
42,16,45
206,9
209,15684,32
5,5933
5,665
5,4049
5,455
5,14893
14,1364
14,38,56
5405,7
10262
10228
2551,7
1522
1152,14
1357
10930
127,471
127,6129
127,6366
156,11
27545
11,317
11,1508
1609
6713
333
1905,16
615,14
28882
31559
39111
10451
606,11
6237
17029
53,202
53,71
934
32,1365,7
9077
10,3143,9
10,2526
10,1675
10,410,828
4985,8
9154
1308,129
96,754
6395,42336
6395
38,348,303
38,30251
38,67,33
16858
45192,42
20555
111,47
36,4297
74,101
1810,11792
1072,7
1217,38116
4752
6097
7,1137
7,907,42
7,1877
34876
5,1980
5,3783
5,3156
5,1575
2788
4084
14514
5458
2600,5
5211
332
2540
537
15,258
45,269
127,4985
930,8
15540
4730
16,460
5784
1102
205,2369
851,162
13,84
1407
190,55
1254
25,114
13380
10,1810
10,538
10,29850
653,10
255,9697
17586
85,362
96,127
38,189
38,5923
38,33,303
38,56,117
30393
211,12,17860
178,24
83,372
47,465
2882,7
40,120
61,839
157,156,8
634,106
3505,9
1004,24
7,3116
15459
42,6063
5,400
5,9972
5,9223
5,1305
14,630,75
12359
10696
202,1364
103,82
1325
4371
1164
1763,9,15684
3486
12075
19427
2297
614,12,6991
905,47
5933,9
2435
10549,10373
633,9
24,16,202
2549
31,97
13,5,418
941,13
6305
962
1462
115,304
1022
28,686
1928
8408
25,1010,25
19887
8,473,45
1937
1157,47
21375
2848,102,10653
1876
635,6,5
5089
33826
125,24
3224
110,471
47,531
3007
3953
1381,24
7,146,24
7,213,19
7428
42,1152,16
51,348
278,24
3438,5
864
1433
10242,3923
3493,19
5636
30578
9,84
4678
146,686,47
13165
8382,47
19646
24,351,75
8135
1255
31,65
13,540
13,818
13,10,205
1056,15
1887,13
4646
1380
64,28,341
53,24,473
9320
2394
577,13
25,24,16
41,2770
3626
10,765
10,1441
10,6900,9
166,33
152,631
345,16,117
20,1152
4557
4611
10145,196
85,1239
38,4399,2538
38,429
38,1467
6233
4337
29612
2615
1578,6,5
110,308
47,120,10
61,34
77,38,21
182,410
9800
7,458
7,1268,54
89,21,10
106,25
5,7898
5,1510,12,2619
12012
1992
2305
1836,16
1233
2572
2045,7,28
1782
2928
563,15
3493,32
2400
1273
129,65
65,13,127
517,5
189,45,28
6620
3104
16,888
1736
11,5,276
2213,9
2859
471,8
33,551
29580
2919
1135
1687
283,19,10
12315
1796
3298,13
1394,13
8,14,18
566
3319
59,132
10,2514
10,1769
9478,372
152,14929
252,173
345,16,10
4954
5293,686
42778
10918
38,697
38,6640
38,300,24
1204
21924
36,415
21762,10373
47,185
47,1395
147,24
77,38,437
99,18
157,6,8
3568,106
304,4,20
7,146,10
5,276,25
5,2530
5,346
5,10549
5,701,9
5,6086
5,10035,368
21737
9706
6360
16762
25715
12357
4209,5
7154
2622
1313
65,34
15,5,210
356,23,5
672,9
2818
2016,4053
33,129
2388
6895
14569
465,42
656
13422
1778,4387
8194
403,13
9388
11021,438,10337
53,89
53,172
2138
3433
639,5
198,13
32,357
2502
6992
5988
8,47,581
41,5064
71,2600
13636
59,155
10,2119
152,16,65
20,425,16
20,3822
7736,2839
1012,8
3180
6366,18
3797
256,10644,12,846,401
38,21,182
38,1240
38,421
1645,18
4430
2993
132,1178
13950
36,12963
362,24
7,2937
7,185,10
7,2142
7,192,5
51,32,45
5,27671
5405,16
1400,8
1514
979
29564
3989
810
2654,10373
6573,5
3544
50,55
27276
127,200
55,87,5
7983
3147
5252
11,5,375
11,358
1147
2342,38755
668
2157
2473
218,75,190
183,8
5009
1361
115,120
1274
12818
16610
4187
1726
64,122
19185,32
124,62
25,421
29861
10,182,2579
10,2705
10,948,9
10,7522
36503
38277
12178,205
2960
7522,869
3516,13957
1456
2107
77,47,214
77,24,606,7
23584
1224,66
7,224,14
7,1744,110
167,9
42,1907,9
5,3748
5,1028
5,34569
5,1521
14,51,32
14,817
14,24,21
14,38,21
5025
15960
98,38,2162
10941
3880,9
342,15
11118
129,304
129,56
15,84
9,5,86
12577
6329
295,967,261
18292,16
171,498
1495,16
24,18,95
24,429
2581
141,157
1798,5
372,2369
13,602
9538
8243
2051,8
17462
2797
145,10
142,24,16
14648
6027
1220
70,110
2949
1606,10
10,2249
10478,4103
152,16,45
20,1933
248,4054
3655
35079
6253
38,2333
38,303,5
274,2629
6282,10962,500
11109,35078
195,728
5773
36,1594
47,214,45
76,793
1810,490
21,10,828
1004,15
7,24051
42,1989
1235
106,66
106,31
5,24079
5,2280,18
14,376,19,5
14,38,524
87,144
484,498
5685
3825
4066
266
1406
12980
65,526
65,50
5397
2574
31642
156,30
6271
24,6,24
24,581
24,938,75
24,198
10062
939,2162
184,7364
33,341,24
492,162
120,103
1056,16
7684
2375
4039
4271
3195,8
376,11
53,51,32
53,38,206
16871
409,31,5
911
70,81,5
136,5
1606,7
10,1528
10,2170
10,184
6802
20,97
36420
31124
32425
38,33,41
38,64,120
38,524,182,1372
286,5,425
48551
7574
195,495
504,12,3118,5471
36,2362
107,6,8
40067
5170
2931
3279
3051
1805,7
7,1095
7,905
5,5385
5,21084
5,7951
24420
2103
13536
951,54
103,86
3565
25807
2188
801
11075,8
16214
37342
50,143
9,70
240,7,28
55,3473
24,18,202
24,40,28
24,34,57
16,650
11764
939,74
4683
478,5
259,15
15684,11
543,1305
2594
7209
12774
8411
856,73,306
4000
1883
473,33
222,45,33
1450
9881
2233,8
3738
3298,8
1503
3124
1948
8,73,368
70,183
3327
10,1546
21940
1892,38
7411
1944,87
1491,129
38,1017,5940
38,1249,62
38,399,75,236
1398
4276
110,12137
47,40,33
47,64,907
1982
966,9
966,24
19,70,5
77,47,32
182,251
16162
350,171
7,3190,127
7,8486,8
7,1157
86,6,8
1583,9
5,516
5,471
14,2386
21104
6564,1744,994
980,13
6152
3625
4395,75
2810
12272
3152
898
425,6,8
3273
82,33
3617
1530
20228
429,33
4532
156,13
2259
6474
24,62,8
16,10,319
8149
372,410
14749
16935
13,80
13,127,22180
13,349
13,258
1432
10698,11
364,565,19633
41113
9969
9742
606,19,5
4069,9
2916
4453
53,939
53,67
1518,92
23,41
2035,11
8,24,202
42521
40760
10,400
2486
17135,20575
20,10373,16
208,10987,260
6259
7929,468,1178
21535
509,9,5
1308,1141
38,40,28
38,4161,7
38,2162,42,10373
1648,600
231,377
4420
2373
624,5
19,6039
61,40
77,38,524
157,1490
341,15
33927
7,489,5
3318
42,16,65
42,2280,16
383,14
89,18,10
5,1593
5,751
5,4577
5,3031
5,4231,4245
602,3493
467,16
3778
5204
3462
187,51
3482
8559
3640
33831
5081
1186,16
1186,8
1341,10,828
4692
40517
13744,2787
6683,8
117,55
782,7,28
127,2979
127,865
127,3034,8
1788
7508
872,9
3829
101,51
10373,2927
2514,87
16,2778
16,3668
11,5,1692
939,437
372,425
6548
13,223
511
7235
2564,127
619,14
5998
5064,13051
2914
7510
2773,8
11481
1602
3688
1705,75,28
11236
12549,7462
9326
408
7015
53,117
53,63
27406
13410
9590,8
4485,1056
2092,7,28
4100
8,51,214
8,51,33
41,1946
2386,13
59,195
10,76,8
10,723
10,457
252,58
17449
1793
901
85,10698
318,110
38,348,300
38,21,634
38,33,3584
38,303,14
9612
17491,12,104
74,33,57
40,129
77,1094
3559,75
1319
182,4406
304,6,8
62,110
62,8,878
542,33142
2330,25
28927
1828
7,386
7,7511
7,5604
206,59
5,232
5,2408
14,64,28
14,38,2162
1994
2735,87
2749,62
1665
192,99
6549
21937
618
2166
2356,8
6515
66,9,5,2233
4303
45,519
583,5
127,558
5177
7319
2458
5456
442,24
2301
1109,2408
16,2770
2509,11
15741
1386,9,5
939,21
939,524
5516
13,22713
13,10,150
13185
3064
3776
364,17788
364,12,6380
2748,7
7681
2280,6,8
14893,32
142,24,18
198,19
32,1341
3264
59,158
10,4613
10,5500
1216,15684,32
1582
1525,768
344,4244,2095
1534
38,348,450
38,348,2162
38,74,2200,5940
38,5940,42
3928,15797
3675
1878,5471
36,5488,16
36,100,33
68,1096
47,214,164,7
47,213
19,127,22180
40,185
6012
54,32
77,939
58,45
6662,7
2065
7,694
7,2097
7,645
7,9337,62
7,28,182
7428,9
106,6,8
5,2078
2014
2257,14
3981
3420
2052
2270
2170,8
66,9,127
50,114
15,5,97
122,33
45,57
127,790
4298
162,25
3616
657,24
101,162
19560,32
2215
217,5
8908
2029,162
120,65
24186
3820
1575,8
3459
11216
1521,16
2781
5891
29040
4685
403,14
6574
792
32,350
8,24,40
41,23107
70,209
8109
59,5,276
10,10628
10,1122
10,4204
370,33,7
6039,30065
8311
11087
152,1933
7736,13249
40770
38,33,2162
38,373
2285
14010,597
404,5
5594
36,4783
36,24648
47,351,75,28
47,64,465
10438
19,80
19,5,2280
19,117,1272
2508
99,47,214
182,650
1732,9,42
304,110
3496
1270
1328
25816
42,631,16
42,5405
42,16,41
51,356
89,58
5,26123
5,588
5,1762,9
5,1609
5,78,86
14,38,74
2384
185,127
6897
4375
1122,7
1403
584,14
6173,259
2304
36868
2119,8
11775
12101
9065
39723
15705
97,15684
2513
122,14
340
956,24
127,1551
127,14050
2079
55,87,65
13165,7
24,40,45
24,362
16,8127
11,760,9,5
6889,19,5
14034
28479
543,7,465
865,8
120,55
455,5120
31,41
13,722
13,932
2073
10802
856,176,4,398
3214,8
3003
358,183
10667
3931
2811,5
907,209
57,634,24
198,127
34165
10,531,33
8280
382
3791
152,34
20,7929
12723,1886
13343
19430
1190
226,651
38,2527,4901
38,351,75
38,33,1381
38,33,460
38,218,75,236
755
34075
497,5
1645,4,175
68,844
31859,6806
110,7929
54,34
52,58
16106
62,31
5796
35809
4634
106,70
5,2087
5,6864
5,6496
5,2249,227
5,6814
5,2748
5,3280
22184
2078,8
6921,8
9992
9215
3091
2007,8
3627
2673
1278
20605
15,5,760
9,1109
8720
786
127,1012
18896
146,106
356,13
24,4,100
24,18,182
24,62,7
965,75,10
16,447
11,5,124
114,47,304
184,1546
120,41
5705
303,66
13,540,87
39742
465,2185
19214,8
4924
190,23
18300,8
14877
432,19
17766,8
15230
8405
2324,10
2584
2280,4,20
3291
716,15,5
5565
23,363
25,1602
41,3214
41,1365
818,358
10,5405
10,15295
10,1345
10,13535,2459
10,195
10540
152,6880
20,936
20,403
3837
7698
764,43766
7702
24209
3243
41604
38,348,56,42
38,95,2162
38,33,80
38,492
38,33976
37183,5940
286,1246
7233,1020
5866
11238
10164
132,4,288
110,865
40,1157
6347
7691
1567
7,3190,10
7,213,7
7,120,42
33997
5,22893
5,86,8
5,2369,1318,16
5,6029
5,13051,16
5,8089
5,11921
45365
467,8
2755
2528
2707
4010
98,24,16
10070
2347,19
4542
2441,8
5281
269,101,5
1455
10798
2738,62
2356,9
2798
1633,467
15,5,2280
1085,53
127,2356
127,676
127,234,6576
1151
4761
12769,1056
2312
5678,2459
989,24
16,182,205
915
2557
11,540,87
11,10,367
141,205
30845
4851
14617
37355
492,106
2210
3871
3555
2438
916
2913
2267
2789,7
1367
2037
1395,28
64,146
745
5103
1642
880
137,24
142,24,21
25,171
8,362
8,1085
70,198
2093,9
9796
10,2125,9
10,4985
590,42
6871
1596
252,2369
85,18,67
85,16,45
11510
38,437,202
38,437,164,7
38,3584,209
27789
1764
16157
36,18401
21762,16
47,58
47,218,75,240
875
2445,13
1954
182,182
182,14732
7196
2939,10
8859
1703
350,650
7,5405
7,317
7,1045
7,4686,7
42,7462
51,95
209,4247
209,6870,35231,29
106,4,20
5,3018
5,1933,16
5,1318,16
5,471,9484
5,1312
5,3618
5,5008,34020
14,115
4045
25228
2078,9
402,101
2705,8
98,38,21
14992
2380
278,9,15684
37579
235,11
1551,9
1835,24
3441,10
6063,797
4984
2806
24079,8
425,1186
20083
11212
5798
17547,21762
160,127
28269
127,986
127,3493
127,930
144,82
1084
9562
171,82
13719,8
36180,1630
939,64
141,171
33,5335
205,6,8
1637
8247
12628
13,951
4402
2113
4378
799
5567,32964
8386
7971,15
2212
15995
343
6489
53,42,65
15818
2003
23,42,425
456,8
10,7019
10,27671
10,1040
10,654,5471
5711
468,401
13910
42608
10646
37603
85,18,182
85,606,19
38,685
38,697,11
38,101,42
38,64,192
125,13
12554
572,2600
8757
290,8651
1191
16157,5471
68,1244
19,258
32144
61,2386
77,52
14778
169,350
21,350
21,202
7741,9
7,4190
7,797
7,28,341
209,6864
5,17547
5,346,9
5,295,6576
5,2514
5,138
5,6129,16
5,275,9
5,3742
14,171
7719
9352
15240,687
6864,32
579,6119
8724
4230
8201
32017
269,2579
6539
2468
285
29379
6201
10582
15029,9
15487
13384
15,349
9,349
35778
20686
162,6,8
146,42
14489
540,3214
10373,9659
27963
42256
95,218,75
24,18,966
24,18,10,372
16,203,55
2679
11,6,8
11,127,184
2004
946,24
15684,6,53
457,9
205,1318,8
18774
11113
5004
30109
9297
6128
5700
28327
6594
2024,7
568
360,9
1248
2324,24
53,99
227,127
23,78
32,1256
32,562
932,1493
41,943
47375,9
70,167
2854,19
71,47
18624
2134
10,4866,9
10,2671
370,189
6830
5338
152,40
152,3298
20,22180
9136
2848,102,45828
22676
11568,38092
15826
4341,45438
20808,2441
7238
85,269
85,817
85,473,45
6395,438
38,74,3608
38,74,224
38,1166,5
38,1266
38,1299
38,1057
211,3248
16005
13950,8651
158,73,1866
36,9006
47,1153
47,64,192
10610
447,19
42387
52,64
1241,5
182,1769
4505
7084,7
223,127
223,10
29691
5297
10771
7,1217
802,14
89,18,117
89,21,117
5,819
5,1374
5,2340
5,1719
5,4485
5,35338
602,10
3514,2088,462
29632
2078,16
21634
2369,357
7421
98,251
2347,8
1807
7552
1142
2229,9
10275
15655
476,1787
25234
7756
675
819,9
129,936
1581
6496,21338,7633
117,65
7974
127,964
38533,8
3527
4738
817,42
3607
897
16,2773
16,145
1025,9
11,5,1692,9
10728
946,62
4978
11121
25975
507
19214,32
856,73,176
4206,13
358,86,38
941,77
15716
1428
15160
2339
3093
2111,544
115,109
1881
2382,8
5587
907,106
53,187
53,38,21
11407
124,15
6043
25,10,4085
8,51,58
8,37
70,9477,9
7833
10,746
10,367,688
6039,262
12701,14369
12570,23324
152,1152,16
152,410
2667
280,21
12124,23016
4985,18
17592
978,14
85,16,67
318,47,32,546,13
2808
38,197,33
38,1798
38,56,57
38,64,1137
6206
8432,42
2497,1318
14010
8374
30518
5053
1480,104
83,205
6791,5471
4893,5471
195,2690
1718
706
10775
68,245
68,2619
47,64,109
447,15
8020
19,277
150,47
99,21
52,214
2892
182,239
12194
1933,21
1717
7,1296
7,847
7,1427
7,836
7,1108
498,8
106,6,53
49,308
5,4797
5,795
5,8809
5,253,9,5
5,21675
5,1490,12,179
5,275,15684
5,7929,468
5,226
14,18,10
14,24,34
5405,13
670,8
202,28
98,157
11875
4334
969
15263
235,15
5135
4878
2189
1318,6,8
5935
12168
4549
2356,19
4398
15,127,29850
9,2159
956,13
517,198
19180
1830
3183
171,9,5
442,5
4403
6288,7,930
101,209
9972,7
24693
24,197,28
16,4406
16,1490
9189
11,277
14085
5631,13
939,3439,1864
259,8
34,393
56,103
3968
372,6,8
213,15
13,167,54
13,5,78
19214,13
2254,5
43864
385,40311
8402,8
5550
1597
3212
451
23358
1564
1649,66
45584,18
3406,403
376,19,10
6148,8
53,209,32
53,24,1364
53,24,21
53,38,524
7685
4627
6870,35231
137,2159
10535,32
124,8,7264
23,513,10
32,122
32,4206
26903
524,122
3626,7
71,10,367
10,367,55
10,19888
590,10
10478,9507
14743
12135
39627,225,19214
20,13051,16
28425
16999
4985,6018,2889
188
7840
16417
20060
17364
38,21,45
38,4157
38,303,42
38,465,14
38,7869
6003,41342
1448,3792
19888,18
1814
155,1178
132,12,246
504
47,64,185
232,9
6955,30577
16875
350,380
6328
7,349
42,869
42,10373,40
106,62
5,2373
5,1393
5,208,4734,700,5999
3392
3044
11235,8015
8052
2012
2369,372
2214
17359
6062
26,14
671,24
7058,8
13677
31949
1318,1152
2999,66
695
16270
816,19
3286
50,932
65,631
65,183
15,6,8
15,5,10373
9,4136
45,145
127,2530
127,1354
55,101
16209
12879
12303,10373
101,103
24282
34363
95,120
24,159
13084
16,3127
16,357,87
1911
9571
11,754
505,7
939,348
141,51
7433
3885
33,45,57
34,460
34,10,182
164,15
13,6288,7
13,358
13,132
14789,62
30561
4682,13
190,357
5849
5390
364
13258
2187,14
2996
5373
12078
7796,8
1129,15
1029,6691
593,12,658
64,1400
4387,8
1519
3610
11451
9759
4115
16907
23,5,276,86
23,10,5701
2082,7,28
8,310
8,1326
8,10698
8,2653
8611
59,231
10,3694
10,239,1318
370,64,67
13399
653,55,64
255,6576
152,2187
252,67
20,15684
3401
234,23775
38,581,28
38,74,101
38,206,14
38,1622
38,2075
38,5636
38,465,5
38,465,24
38,524,634,42
38,524,202
2193
1398,18
2974,2102
1648,5
17861
10081,18611
24820
501
36,16918,25
21762,11
74,146
40,946
40,28,10
77,24,18
182,614
3700
6734
42055
10238
7,120,341,7
7,28,41
6612
51,2564
5,371
5,3737
5,21699
5,5716
5,20258,42807
5,19888
5,1718,5471
5,112,4,306
14,189
6564,2591
2849
13593
98,52
6476
25850
769,36068,868
682,3584
6216
15899,127
1152,21
24079,7
12548
4136,8
3493,14
97,3595
15,73,1529
15,127,2280
8578
956,402
127,654,5471
203,3013,7
13317
38533,7
2039
475,428
46666
13284
516,9
14026
3704
63,45
24,606,19
16,45,25
23837
3225
30175
539
11,144
11,171
11,258
114,24,21
547,62
15684,4,20
33,416
4704
576,5
120,143
5192
13,11894
13,10,891,9
1730,9
2490
856,134,4,398
190,71
6614
47320
8806
9124
11316,59
1340
6129,4,20
53,24,34
8792
8140
40459
32,460
8,202,33
67,34,10
552,19,5
70,6134,9
309,7
616,5
20,2441
20,9590,16
3265
35669
1308,78
26646
6893
41132
96,1285
38,348,1381
38,348,1166
38,26
38,33,341,24
38,33,551
38,56,7,109
38,64,1798
13151,1187,1023
286,167
31804
4028
211
230,6058
2700,4228
14121,10535
1510,12,2965,5471
112,73,306
36,10010
47,348,300
1423
7892
150,15
7727
52,32
21,67
21,10,205
4411
20021
2216
2484
721
6779
7,311
7,1339,62
7,489,24
7,486
42,6,53
5,43805
5,1836,9,5
5,4406,990
5,3425
5,27362
5,27399
5,35409
14,209,32
2758
1067,7
37062
1068
4793,26123
197,45
16957
278,62,8
28767
15061
5070
9624
3188,13
4906,10
13369,10373
477,9
6345
14860
17679
129,1219
683,38
15,86,8
15,5,2204
15,5,526
15,127,22180
1591,14
6787
127,782
127,418
127,2138
42744
162,31
19220
313
614,701
95,907
24,2653
11,5,499
11,5,78
1114,9
939,56
939,115
141,251
18954,62,7
33,132
372,1318
13,12303
40068
5566
3922
1246
1351
3529
6878
46405
32888,7223
7013
10304
17554
11152
5590
1701,5
29988
3473,6,8
17317
15855
18629,13744,6315
53,38,109
7723
22778
1996
25,51,32
32,1153
32,2778
42492
8,89,18
460,33
10,2422
10,2735
10,1759
10,481
6039,3788
152,6129,16
1608,32814
17754
7929,8192
4985,7
16702,3215
5534
3909
38,4511
38,303,24
38,2967
38,2162,65
7951,4697
13175
15482
35307
10164,8,14068
1578,5
4430,8651
654,5471,10373
504,12,3118
111,117
110,5567
47,1394
1364,95,2051
173,6,53
19,5,276
19,127,92
40,95
61,817,24
77,602
99,939
7735
3748,1082
7097
923,8
634,41
667,7,120
41570,8
7,912
7,6929
383,101
51,581
209,19185
5,21784
5,388
5,15689
5,4247
5,3563
5,1159
5,9659
5,20084
5,9590,16
5,674
5,24718
14,146
14,38,304
14353
10295,7
31622
4757,19
386,7
17709
2369,101
33904
5764
187,42
2343
2018
7683
14194
3667
6173,14
557,8
26385
3190,24
703
25850,868,10535
1341,10,367
6602
4650
6813
22713,8
30251,88,5
13133
2356,11
16404
2203
65,6,53
15,127,3034
15,358
9,5,276
203,540
44857,246,869
14516
7212
1579
24261
972
12418
442,10
475,1866
614,253
685,5
2034
889,9
3000
5933,8
15962
15163
24,1411
11,349
3444
6538
34,55
34,10,2579
213,66
12567
10314
556,7
13,1619
7462,1886
1550
5712
856,12,8287
4935
960,1493
4499
1737
17668
148,10
9305
1521,8
2599
42663
6566
13689
12549,8
3195,16
2783,9
10498,8
1449
4758
1677
53,122
53,1085
7644
2799,31
7944
19250
909,8
4806
12035
142,51,32
12288
124,11,5
8,2085
1046
5493
899,477
59,204
59,379
10,6063
10,2105
10444
13737
1216,6870,35231,29
20,1049
14765
5143
1163
17586,13
7929,18
3139,10
85,1326
38,348,341,42
38,21,546,13,10
38,3608
38,202,33
38,1682
38,33,129
38,33,56,42
38,2980
38,64,75,679
38,3668
35991
12487,642,3181
34075,42748
1378
17149,975
497,78
3945
20451
6903
3337,5471
155,4,245
36,14746
36,133
992,14955
110,3493
648,6,53
3915,59
19,10,367
77,24,16
77,38,33
3312
182,203
634,42,10373
9453
11355
1224,15
19116
1706
7,304,19,127
7,1888
7,712
7,2807
802,38,1017
42,10373,16,10
42,16,10,205
42,13051
2053,9
2053,59
51,146
51,32,202
5,2735
5,766
5,7014
5,4666
5,2377
5,2332
5,5656
5,5863
5,208,10987,260
14,18,45
14,37
2446,7
185,62
12207
20843
527
11752
1158,7
6864,8
103,55
98,38,524
3024
2347,9
7595
4005
6744
6173,13
3547,16
12173
15308
7005
4103,8
10242,16
11821
127,6955
127,979
127,301
127,35409
4388
3136
728,9
3099
7107
2086
14018
11963
24,115,28
16,2579,8
11,5,94
11,127,2979
11,1285,7
114,24,16
9481
239,12,1397
259,16
213,124,7
851,24
31,562
11346
22892
6273
27251
2024,31
30223
33800
6670
30952
1663,8
7407
1861
1886,10746
4453,9
64,946
2280,6,53
1959
16467
28,7316
1503,7
8,2128
8,79
8,905
8,5923
9757
8480
36007,8
10,2204
10,2016
10,372,633
10,4039
10,1402
10,37567
520,24
520,38,78
17345
468,6391,23335
17273
20,3195
20,275
852
1773,5
234,6576,16858
3635,11499,102
15485,6598
85,74,28
2978
38,348,341,24
38,348,129
38,1017,224
38,3568
38,1346
38,747
38,657,127
38,101,24
38,553
12050,75
2860,425
25449
3347
41263
31940,75
7766
11931
7522,73,44861
31976
10164,359,14068
6362,7881,500,4006
46965
7224,36007
132,688
36,9226
68,2965
68,541
110,400
110,2674
47,64,95
11314
19,349
77,634,5
77,24,21
157,81
3568,66
21,1256
748,4932,28618
569,1886
341,65
62,15,5
1933,14
10328
452,18
7,492,24
7,1719
22136
42,1305
5,3149,797
5,2842
5,3778
5,6738
5,30577,8
5,1079,9,5
5,5271
5,762
5,1087
5,7224
1137,162
5419
10791
194
41783
20063
19474
6649
484,9,209
11808,8
31328
7385
1330
2624
3872,1075,1397
269,157
5360
1750
3508,9
1976
785,8
26428
7708
7547
5916
33505
5730
81,110
66,6,8
97,82
50,402
50,45
490,8
15,5,299
15,5,2576
9,4318
7626
35735
1161
127,1461
127,400
127,9972,8
127,1623
203,55,3214
42598
662
28368
817,162
15829
25731
1207,929
697,11,10
19560,13
13443
12622
1236,3400
63,308
16,1256,205
16,5342
16,2198
2942
7769
114,47,109
239,12,8634
7397
19351,87
1669
2706
1441,18
7690
32407
481,6738
6000
13,99,24
28716
29556
35060
1905,14
444,55
444,357
960,16
960,31
941,19
941,11
3038
5567,10449
41113,16
2226
8997
360,8
7009
15135
701,162
13051,196
6336
8933,7
24622,254
3551,1028
740,11622
3735
575,59
40427
357,1318
10535,11
124,6991
11789
23,184,8
23,10,372,425
6876
25,145
2219
143,9,127
41,3973
25771
2770,8
70,130
8054
10,586
10,795
10,3269
10,26309
10,4231,4245
6494
152,16,10,205
345,21
20,234,6576
255,6372,673
255,246,118
4677,4339
2306
440,55
20207,1688,1178
85,18,10,372
85,3106
5902
11594
6442,1100
38,348,551
38,437,95
38,1504
38,3249
38,1415,23
38,2435
38,1320
38,64,122
7951,4697,29
10307
272
26318
6553
9918
16772
12612,1886
16327
23435
163
1645,16
2993,5471
365
111,24,18
36,20345
5718
5328
77,47,33
15820
169,7,120
7133
13323
5130
6041
14536
1349,21849
1139
13027
350,251
7,4303
8689
130,498
42,6,8
51,2025,75
209,410
3891
5,986
5,3543
5,275,10373
5,1542
14,701
6587
7377
6694
2294,447
2428
765,20654
1094,19
10785
15608
1310
12357,9
9311
7123
11299
27285
17880,6555
1888,5
5940,42,10373
8309
15501
931
2052,7
17410
1524
4247,8
1945
18299
50,540
5699
129,341
129,80
65,50,80
15,106
15,5,235
904,10
28840
127,94
203,7246
1421,16
5021
156,162
251,13051
1804,7
1389
18472
6880,21
24,18,372
743,19,5
16,10,588
24557
5329
1130
712,5
11,12,4352
11,5,790
11,5,760
17835
2016,8
33,10,367
1369,7
5844,75
35747,2379
13,481
2061
619,9
5623
190,114,47
941,23
7677
364,12,40536
3841
31807
4295,9
630,75,33,10
10933
1135,5
1880,7
4946
2351
12461
2748,8
3034,18
8089,8
25648
6700
34358
1103
1886,6,8
4520,8
2501
28133
1803,66
198,110
198,5,790
5478,5
8,4016
41,3997
552,5
70,9,110
6023
1065,5
10,29826
10,485
10,367,498
1577
3394
468,4164
121
3837,47
46751
27019
22433,10120
35079,4462
8251
1541
509,631
1387
25379
12341
2780,162
1426
85,222
318,47,240,10
38,1017,101
38,21,98
38,422
38,33,1166
38,524,686
31708
5815
211,2940
23570,7
6142
6015
17147
290,2940
654,5471,856,73,134,4,306
195,999
155,2586,537
132,4,245
3982
508
36,560
36,6025
36,8987
36,8529
68,1497
22,574
74,5940,24
19,84
19,127,29850
20011
9641
8378,38
77,38,236
77,38,300
77,38,78
439,66
157,1490,8
14260
21,460
1155
20806
2853
62,19,5
27115,254
9368
7,224,59,42
7,465,66
7,3003
7,8933
5629
42,965,75
42,1886,16
89,32,117
172,42,16
5,6360
5,13603
5,276,631
5,2129
5,14262
5,1842
5,14105
5,3968
5,9553
5,29236
5,9359,30051
5,163,947,487
11818,7
32167
1035
2849,14869,20779
15863
3992
2934
15020
11743,7915
98,24,630,75
27349,800
9310
1707,13
34797
3189
6295
11987
235,409
1551,13
690
22453
2906
1195,87,5
3159
2057,5
785,32
609,9
476,22395
477,8,4511
10483
1339,219
6201,62
14844
11153
2500,127
127,1049
127,2113
27891
203,55,87
9807
4204,8
171,430
146,686,14
6620,19
19560,6,53
314,8
669
2655
4647
4607
489,11,1508
95,615
8443
24,21,95
16,39789
88,41
939,300
723,253
15684,6,8
34,205
56,7,28
213,13,5
120,357
13838
31,49
19052
13,5,425,8
13,127,1141
13,430
1056,3758
2950,19
2988
1061
41014,4135,6129
6218
3155
5693
14548
4176
3904
4631
10807
1383
14299
26640
283,124
2771
2026
2031,9
34143,268
27362,8
3206
1055
41785
5723
3591,8
16153
53,24,18,45
24033
6967
8890
2671,87
1796,9
142,38,21
24051,7
6659
25,4340,7
25,24,21
32,1490
5670
8,51,109
8,1871
70,5,97
2171
10,2340
370,351,75,28
6039,8757
305,4794,1225
1890,12145
22575,2591
2246
252,109
252,32,45
24394
7463,530
19324
4219,6812
33565
1489
3902
5311
1333
33420
39282
23784,9
3126
85,18,95
85,34,57
6869
8857,9315
318,47,304
44982
38,348,3584
38,348,460
38,1985
38,19792
38,956,42
38,1317
38,64,129
38,31124
2860,1152
30540
14424
34075,15626
32570,8
287,444,25
2223,5
1936
1480,104,12,347
31551,4,1225,428
3135,5471
22078
706,12,3083
36,118,4,242
68,1749
47,54
47,64,2773
6993
351,75,190
396,145
19,540
19,4206
77,1118,7
22278
9620
19764
24642
7,192,141
7,342,5
7,5780
16888
326,4822,225
149,127
4021
167,14
42,2229
42,761,9
51,1017
5,2441,16
5,621
5,6929
5,6027
5,943
5,5663,5471
3457
3165,323
24420,4406
5405,14
12313
4217
215,10,650
4889,19
2402
4711
103,9,5,97
103,9,127
6136
3581
1082,8
484,430
1665,162
10192
5305,162
1078
17948
5351
1835,5
12721
1189
1091
4881
4972
1219,13
16650
1192
10064
16427
6244,127
8326
785,14
3745,9
7217
819,16
66,9,42
97,383
15,5,276
8372
117,97
1546,1886
34784
956,7,28
127,371
127,467
127,595
6485
22744
9865
1145
10721
6616
3912
546,23,5
5930
10373,4,85,18
4477
12722,8
95,101,5
24,4,133
24,4428
24,9108
24,3106
11,10,650
8450
4356
723,1318
259,11
33,187
205,383
164,124,7
13,5,275
2051,6,53
465,254
18156
841
14269
3827
3555,672
615,7,28
1177
5575
5140
5567,26235
1882,24
28403
1778,21762
1778,2280,8
26089
2179
9872
10335
2748,16
10985
2123
2273,59
7932
567,31
403,4,20
6129,3405
30,143
6148,16
1119,1318
19230
2308
11225
18913
4887
639,127
1786
37239
23,143
25,1365
32,258
3253
2772
552,19,10
1760
10,860
10,2842
10,2289
10,410,81
10,372,907
10,138
10,12549
10,24572
735
6834
1216,383
345,58
20,2257
280,26
7346,347
4611,30101
43315
20560
2848
1806
221,12,40121
11011
36132
6068
10719
10630
3957
3437,5
12797
85,18,98
85,1364,372
318,51
38,348,57,634,42
38,348,67
38,304,106,13
38,304,127
38,2145
38,2638
38,300,127
38,465,2185
38,115,120
7216
6236
17112,12,104
211,1749
35307,19
4254
40136
287,13
287,41
404,11,70
1812
10253
132,4,134
111,98
111,190
36,405,18
47,655
107,793
19,10,2579
40,860
147,47,64
52,56
21,888
13977
885,73,139
182,6,182
1732,16
23193
341,7,28
454,51
80,430
23225
7,1874
802,9
42,936
42,27671
7992,8
209,2369
5,12359
5,1318,8
5,1569
5,6554
5,6089,276
5,8194
5,37687
5,654
14,1411
14,2386,47
3026,47
3685
12079
21104,2369
8349
9622
6017
3651
3311
5284
2369,4,20
2369,467
2369,1318,8
98,650
98,203,357
26756
2347,11
765,9
5462
2142,24
2418
10497
422,24
1062
6346
21252
7980
37680
5407
29078
13458
8829
1895
1152,6,53
5591
15339
477,12,463,12,26286
869,6,8
5299
9405
29597
13140
819,8
81,18288
81,5,107
129,132
65,86
37161
5063
7245
1084,12,9435
2450
2856
13918
8375
8520
8204
19560,11
10373,4,100
23525
24,18,10,205
24,4719
24,16,10,372
24,2607
16,2829
16,117,1181
28510
4658
2733
10601
1050
11385
31991
9337,154,62
5322
239,1318,8
34008
1102,7
865,547
8669
12339
15934,154
2364
2310
13135,1263
14283
556,8
4309,59
1370
13,107,8
13,5,375
13,5,144
13,6185
13,614,1109
13,145
822,8
11464,66
856,73,306,574
31548
358,881
13590
473,960
8286
2698
2299,45
1361,1886
5709,8
6308
4292
4686,24
36614
567,66
606,66
21543
593,62
18618
6162,139
3428
8533
4081
1518,9
9952
227,42
5673
137,51
11522
25,157,25,10
5890
8,89,32
8,24,222
8,1705,75
41,3425
566,5
460,56
818,70
11431
355,10
1316
59,389
10,1233
10,738
10,1569
10,1498
10,512
370,95
9478,101,10
27383
616,42
2647,966,5
166,58
18342
10478,132,4,288
152,10373,34
1216,32,372
29072
5149
42716
24661
993,82
8504
45913
2848,102
4868,73,176
4079,1245
3957,246,18
19482
229,5434,2848,102,10653
85,18,57
7299,1641,757,11556
39421
38,21,562
38,21,4804
38,21,10,410
38,206,42,16
38,64,75,4744
8012
7951,2915
6583
1448,260
14010,8127
7522,12,500
32295
12471
8229
3263
290,377
7417
262,107
195,242
2248
132,9,209
111,61
36,2527
36,261
22,133
110,1012
47,581,120
47,40,465
47,224,59
8144
74,109
19,10,205
6955,1546
40,2140
169,55
3996
28811
2204,14206
18046
825
62,4,20
7328,5
10547
9574
7610
7225
2842,2441
350,4,20
561,19
452,8
7,2935
7,1606,7
15019
7673
42,14206
371,537
209,58
209,80
5,10836,261
5,23021,23324
5,4505
5,6110,5225
5,1270
5,3165
5,9629
5,11283
5,775,32
5,538
5,10549,10373
5,2274,1318
5,6273
5,2440
5,2848,102,45828
5,15920
14,351,75
7366
12012,7
3117
323,13
28685,6,8
5230
2194
982
1289
42926
1715
4428,101
103,761,9
103,1823
650,1836
2635,8
1836,6,8
4395,75,28
1094,11
1094,23
12604
6738,8
4406,23
8545
22218
12256
235,220,7
4595
6492
829,24
269,2607
2945
3696
14101
16292,7
11224
4745
2704,10
15358
6356,9
81,5,5567
1273,5
65,18
65,9,106
15,5,1929
1839
32219
127,1141,8
127,1159
127,184,1546
127,6351
127,1445
144,9,127
144,533
41337
153
35204
3783,3591
4863
4760
171,643
1052
7337,8
22678
16761
3033
16904
11948
15178
905,18
16396
4730,14
16,1256,203
16,416
2888,2748
6818
16584
11,1969
3169
2274,29632
9360
5952
723,87
259,15,1645
34,10,372
23835
426,8
6269
13,5,276
13,823
13,7476
13,10,76
13,10,650
17275
25257
2609,10
8794
444,350
7242
515
190,19,5
35389,20890,2857
6681
2773,11
5567,17283
349,86
46326
473,45,33,10
2110,8
2187,13
12762
7280
6777
31601,2485
45483
2116
1412
2058
16212
1143
3230
2764
2569
3653
10739
5717
464,11
9686
64,1303
2280,8559
6129,6,53
4859
53,51,214
53,114,47,214
22574,8
2233,19
2799,15
10879
18822
20789
4002
3822,6356
1453
29402
26350
23,5,86
3991
25,1769,25
3537
8,554
8,1415
8,8486
8,2254
41,674
2455,47
4504
9824
59,291
10,1805,7
10,2654,10373
10,1028
10,367,97
10,3688
10,432
41989,1305
2805
3101
39627,225,14929
152,631,16
152,16,41,4206
252,33,10
252,218,75
345,18,10
20,30577
20,6366
20,229,5434
36698
6366,34
3646
11873
37317,1898
20847
11707,1620
19551
5121
440,4496
29850,18
9537
23034
1993,9,5
35597
45000
3001
2597
5737
226,10373
229,17549
85,18,372
38,437,634,42
38,21,269
38,304,42,10373
38,657,209
38,33,484
38,300,209
38,303,66
38,619,101
38,1882
38,218,75,216,114
38,399,75,240
38,399,75,216
38,115,465
38,524,122
38,524,41
10357,29
1398,16
7632
17570
1832,47
37125
19908
23381
287,251,25
14498,5202
14947
23743
83,531,33
290,17025
262,495
155,688
155,50,204
132,8651
31023,725,846
132,4,398,574
112,620
112,4,245
111,95
36,5525
36,10669
36,100,524
36,176
36,134
47,40,120
47,197,28
47,1798
47,120,341,7
2350
19,10,410
8869,7
3568,8
182,3214
2939,24
3018,5192
62,6,8
2833,8
8875
7,224,59,10
7,10582
7,1323
4867
4767
1328,5
42,1905
5,1104
5,2833
5,2369,21
5,7362
5,2170,8
5,2272
5,934
14,3106
1385
5797
551,10
10686,13
6143
892
8793
202,34
4757,7
3925
6287
2369,6,8
951,1493
98,203,55
98,38,95
29650,1672
21764
2761
187,38,2162
4406,1825,8
4406,6,8
707
278,12,658
1782,5
15636
422,88
12456
18660
3784
1153,351,75
2905
20220
24983
1893
7670
31035
66,4,20
129,59
65,6,8
65,253
15,5,78
15,1169
15,10,41570
38874
4146,9,5
127,284
127,7736,2839
55,2247
31642,8
3731
3783,4757
3783,16
162,15453
3563,8
5394
795,87
1074
13431
483
94,76
11269,14247
24,4,1308
24,189,28
8067
27038
88,65
15602,5
1171,10
11,5,169
11,5,2280
11,127,558
114,38,56
114,38,115
3058
41002,18611
2303
25490
3022
15866
239,2078
34,1613
34,357
12774,1886
16112
164,149
576,162
455,1836
455,9
31,145
31,143
13,25228
13,1094
44184,21675
3269,2441
10523
6773,8
2182
1575,9,5
3845,8
1769,6,8
4486
10578
856,134,4,306
2081
4682,13,5
4206,2369
358,97
364,40536
3871,6315
27330
9778
3013,7,304
12137,8
18300,6,8
2451
8612
20335
2008
4875
6676,7
31444
9540
6638
3255
14039
64,75,28,1451
6129,50
53,38,437,45
142,9,63
4105
4094
40459,7
23,239
23,455
5530
25,233,9
25,1602,8
25,10,5010
32,2773
3901
277,37102
39559
8,3116
8,89,16,117
8,4146
460,28
1157,13
38204,34637
789,9
12922
2949,16
1606,12,261
9037,368
18305
10,1989
10,205,633
10,14569
10,2378,9
10,1518,92
10,380,2378,9
370,1395
370,64,120
21688
9842
653,18
7348
8630,42
8630,5
2604,2688,2796
255,10382
13758,3512
2873
152,16,65,9,5
152,16,95
152,16,10,2579
1216,33
20,144
4624
255,176,118
312,4360,687
6366,15684
7090
11800
18044
27800
3655,21
509,9,127
374,127
11105
978,38,33
4130
3658
15920,14433
3957,246,869
344,7480,8304
39870
38,348,57,634,24
38,437,117
38,1017,28
38,21,14992
38,174
38,224
38,1835,24
38,7154
38,3584,42,10373
38,5324,14
38,33,303,14
38,64,1137,47
11812
1740,5
6099
286,162
12523
381,28898
35721
21924,301,16
12554,16
17054
178,24,18
5962
36,12465
36,1264
36,100,348
128,15797
68,996
992,5600,3215
173,6,8
5627
396,143,1272
19,484
19,1645
8869,8
40,8127
61,16,45
61,34,10
11263
2814
983
6923,10
1241,10
17199
11500
454,24
3867,47,32
3867,38
21222
3951
1567,5
561,8
7,22785
7,3627
7,342,24
7,3300
7,2324,198
18412
5336
42,467
29284
209,32,45
89,4,20
89,32,103
106,11,127
5,5964
5,31919
5,15654
5,1275
5,586
5,5765
5,7508
5,10373,2927
5,31077
5,2378
5,18815
5,4472
5,28530
5,13064
14,26
14,888
8556
31659
1239,62
467,6,8
5601
4819
3521,13
4959
19030
27572
6661
4909
2472,7
3793,8
98,14,38,115
98,1099
98,38,2162,42
650,6,8
19583
2347,23
2347,32
484,97
544,31
1473,59
651,9
41851
24333
22373
26,24,21
235,66,9,5,2233
10861
20666
431
24360
3438,24
6069,9
4664
269,109
2057,24
16878
3349,9452
8249
31805
4728
16219
5916,62
1345,18
12980,4103
81,5,375
66,15,5
50,357
17547,18292
2500,110
14223,119
160,30
122,38,437
117,948,99
363,8
6611
29596
14461
127,1028
127,1420
127,2473
144,9,5,86
55,87,615
17793
4281
3344
429,45,28
5448
10721,1115,41699
8150
4412,13
475,35255
6480
1326,205
5430
905,24
540,87,5
94,162
5823
88,143
9223,8
41470
23107,8
11,1337
11,4520
16508
939,2162,42
2323
259,18
9776
7521
6210
4049,8
18399
31,5,2280
31,277
320
13,10,455
39301
26319
22347
18877
41128
1769,10373
8935,7232
8219
4682,14
1559
35389,42141
2104,8
349,97
46326,397
13422,16,14
22400
1778,10962,500
9600
3030
3094
1077
16155,699
9164
1019
7753,27101
5863,8
14128
38843
920
11021
19185,14
35285
32384
22574,13
18523
8600
2799,8
809,8
357,160
874,5
12138,4245
3822,27362
10535,6,8
4485,12,36056
23,10,400
7189
25,52
8,51,348
8,1320
70,97
70,9,106
22284
10,621
10,319,55,87
10,1775
10,1718,5471
33559
16643
22575,19214
1216,58
20,200
20,1165
20,14893
20,10535
8883
208,1866
26959,11835,42
12290
7278
234
1308,793
30693
10274,991
14912
3709,18
25940
2454
3957,246,29
7817
32926,13,29850,6282,10962,500
38,21,10,828
38,2416
38,738
38,2738,62
38,13296
38,5923,42
38,2162,42,6129
289,13578
2315,10
272,246
274,1866
13520,1409
31455,75
211,2466
11381
22180,10373
230
4228,24
45192,209
163,5361,298
4231,4245,19185
7253,15
6362,18514,1225,104,306
163,2744,771
11206
18894
1812,18
389,728
971,12,15274
112,35,134
13950,17025
36,17143
36,100,437
992,40666
23595,1305
47,17672
47,64,67
19,10,92
14594
2608
147,47,236
58,70
439,13
182,157,8
1732,9,5
341,30
542,33142,3923
542,33142,4462
6839
7,1067,7
7,3190,24
7,2592
7,6190
3211,24
12826
42,425,1186
51,393
209,360
106,4,100
106,11,10
5,21634
5,3758
5,5081
5,4692
5,3493,32
5,2170,16
5,9805
5,144,3473
5,1736
5,2249,11
5,27406
5,382
5,16703,37660
5,17257,3631
5,7929,6395,42336
5,7951,4697,29
5,7951,4697
5,1878,5471
14,380
12684
6297
1400,13
13116
7798
2369,25,205,25
98,63
98,38,581
29650
9992,87
8534,8
6029,2707
6112
2572,159
9629,8
518
3919
33831,8
7728
5074
30577,18
235,122
5793
33942
4209,24
3872,18502
6001
44680
31278
1341,10,828,9
6461
4392
45746
7092
2356,14
38409,8223
9463,8
233,16
81,86
65,999
683,456
15,127,471
15,39
27903
92,1980
2430,6173
3027
127,1086
33758
10218
2260,13
171,55
2943
17512
356,101,10
23610
251,4895
7973,19
8118
101,97
101,144
1109,2408,8
6929,4403
7844
3549
95,630,75
24,124,7
696,16
16,45,350
6291
773
20317,8
11,5,235
11,5,2170
11,5,253
11,1056
11,10,182
3156,19
114,129
114,956
15684,58
34,80
10924
6908
29212
8916
31,1645,8
46625
9885
6437
13,70,5
2524
12365
933
882,9,1217
6456
856,13749
1136,160
856,306
18808
10079
20135
358,958
358,86,47
4296
33366
5567,642,7842
45596,268
21675,8
6720
6122,15,5
414,7
28342
16433
9400
40410,32
4559
1379
1118,19
3137,24382
3895
3172
2352
37314,5183
1539
1726,30
38086,16683
38507
403,6,8
16724
37024
6129,38533,8
5892
30,97
29248
19129
6383
5491
1642,7
8577
1099,6,53
577,31
23,49
23,5,253,9
12483
9159
32,2333
27399,8
10677
143,55
8,624
8,2705
8,5324
8,303,14
8,1747
8,2140
28127,8
70,5,169,7
70,84
3327,5
420,10
10,4398
6011,196,372
6039,16327
13758,6407
3421
152,817
152,13051
9387
9068
20,129,13422
20,1823
20,2187
29523,687
11171
1582,625,1020
5787
5519,4929
15707,33701
11143
407,203
45524
4250
4665
208,32205
43582
9722
10545,4985
35197
11276,625
1308,129,3674,16,14
392
17397
2780,18
26309,8
344,14858
85,2653
85,190
38,348,5324
38,348,1317
38,348,5335
38,437,41
38,581,1153
38,21,174
38,1381,24
38,5305
38,16270
38,33,132
38,2254
38,5590
37183,5940,42
11911
14950
274
3936
6282,11149
19458
6007
35963
2615,75,1451
7522,18,8
32295,245
870,5,169
125,172
404,9,5
17307
83,73,846
83,367
1510
204,12,3427
204,4103
971,12,18508
545,8651
158,1178
158,2767
36,7761
36,415,513
68,6115
47,33,7,109
47,64,460
22057
2136,9
30980
19,5,234,6576
19,10,319,9
11036
54,18
21285
77,51,58
77,51,32
2494,10
21025
15158
35911
201,7
10495
10619
12792
27483
362,103
350,6,53
7,12,5016
7,146,106
7,4577
7,9759
7,1642
7,3042
3229,8
7174,8
31345
5,1086,631
5,7610
5,6052
5,8946
5,92,65
5,2139
5,3912
5,15741
5,8980
5,18629
5,32839
5,3822,301
5,935
5,468,9822
5,468,401
5,248,4054
5,163,3876
5,290,2940
5,16157,5471
5,727,5471
14,161
14,1823
8327,17827,10373
5840
23335,8
29384
4140
9052
2690,13
4428,372
98,38,3584
4817
14216
2810,9
33664
3078
7404
7230
2145,14
27611
638,268
769,7309,1075,1397
1348
1162
342,66
35282
2654,19560
4212,13
2129,1318
714
36148,11
36148,32
1884,15
1028,516
1987,9,1508
13787
2718
3840
9304
5730,368,21515
10122
50,396
15,110,471
15,42,10373
15,5,2888
15,402
15,10,32172
14223
29707
5907
766,8
127,2888
3228
4133,8
985
377,6,8
42125
30389
11134,17752
475,4348
4737
6917
3237
16277
4971
1109,6,8
19560,6,8
18915
16274
7956
24,18,67
24,18,70
965,75,14
7335
8711
47993
913
8217
6028
1482
239,3547
4008
33,10,2579
34,460,57
1420,159
11671
21485
8413
11074
1026,3724
13,5,94
13,442
13,39
3598
14929,6,8
23624
5886
2002
421,24
3871,7
5802
28458
14878
1615
5567,428,1906
9888
2335
630,75,120
30587
7899
22735
399,75,173
8613
6723,868
15651
24996
20292
3977,22697
247
797,81
6077
6369
14464
2695
12616
3195,2441
3195,40498
33215
6162,6,8
1200,8
64,3679
25862
5276,1071,298,8
4293
22778,8,25637,1634
39484
25,47,64
25,24,473
11076
1382
8,47,581,28
8,386
8,342,24
14602
818,143
2642
18212,75
2132
12340
10,3845
10,2249,11
10,2382
10,828,350
10,380,432
10,35622
370,214
370,64,190
370,67
8976
25297
26784
166,348
305,5273
305,591,1225
7627,24
33987,1570,3414
252,32,67
20,1219
20,220
20,471,9484
4557,13
12024,17827
40458
11643,387
9427
10545,4794
21521
30308
43072
5763
6532
3920
23328
256,10644,12,846,4697
256,10644
12408,975
21307,3181
7238,11,1508
644
85,189,28
85,64,28
34472,1864
17717
38,437,562
38,875
38,74,1195
38,10593
38,5844,75
38,64,224,14
38,1146
38,524,67
13088
1398,32
9899
31239
2860,1318
7989
33357,5846
1832,45
37206,8
22180,2280
14433,73,5433,574
230,11579
4231,4245,785
1645,34
24361
83,319,9
83,410
361,3248
1191,5471
231,2767
3490,12,5714
204,212
843,495
155,534
155,4,245,5471
971,5471
22078,8651
706,12,3083,5471
11061,5471
112,4,176
1666,8
36,15605
36,8338
36,19726
36,1250
36,243
36,100,304
128,991
68,2022
21762,1186
47,1622
47,64,304,24
47,64,129
74,348
3007,87
396,203
19,5,92
22523
596,45
150,202
61,67
61,2386,47
157,4,100
42574
21,2198
11577
182,2773
15594
304,868
37698
1346,141
80,9,5
80,360
80,7796
2330,25,203
10128
13656,41086
6110,5225,8
3032
8468
12291
1706,5
299,9,5,516
7,2823
7,1306
7,17462
7,2916
26081
42,2682
42,16,95
209,2025,75
5,2136
5,4084
5,2078,9
5,850
5,801
5,477,9
5,144,505
5,18896
5,14926
5,475,1866
5,761,459
5,2274,16
5,4895
5,3587
5,6129,38533
5,275,425
5,275,432
5,124,6991
5,7241,1116,23189
5,17364
5,24756,12,38510
5,24386,677
5,344,4244,2095
5,17112
5,3208
5,16157
14,229,5434
8327
8558
2800
12405
2682,8
7782
2130
25247
6135
17653
8694
44433
98,24,18,45
41783,352
11803
2829,357
24150
20174
22904
8454
27349,9706
11708
544,8
18099
2551,7,28
842,32814
34242,15
21927,32265
161,24,70
39109
13351,1626
5645
775,11
7057
1263,8
8201,5
7063
7058,6,8
29814
269,965,75
10746,8
5128,8
13927
1286,30
5401
4362
10655
3887
11125
11375
24643
41515
2125,9,2104
4263
46559
3133
2500,10
129,588
65,13,5
15,299,9,5
15,42,65
793,334
9261
4836
14712
127,220
127,10035,368
930,6,8
6085
55,87,9077
55,3214,8
4872
6473
3092,8
15408,10373
2649,5
22148
3021
817,106
3014
251,4472
7425
400,2326
8382,162
2985
9324
4976
95,10798
95,1705,75
24693,1200
24,18,269
24,18,1153
24,4548
16,747
6364
11433
11,5,78,317
11,2326
11,127,512
939,17049
939,4,242
37852
39,29
2200,5131
37,16
33,430
19975
34,171
11402
10521
11267
213,789,8
20059
37224
15538
1123
8164
31,86,7
16708
13,201
13,2119
13,2185
13,69
13,9881
13,10,12173
22892,12445,8
7462,6,8
668,11208
14929,87
4163
3950
1136,66
12055
14163
23984
3370
190,396
3567
4785
29277
148,127
8617
16007
11783
4957
4724
26606
6533
6635
847,66
2111,323
28110
43282
115,33,57
13051,6,8
13281
2632
10451,7
10722
30106
699,6,8
6162,4136
3205
2280,4,100
1765
14893,8
1119,1318,8
12152
142,9,49
5484
7340
23,5,400
23,63
25927,9
3059
1808
2035,1335,8
32,3668
14636
29236,8
8,1183
8,24,1326
8,3106
8,303,24
41,2274
41,1445
41,6086
818,460
71,70
18624,5
355,7
12775
59,10,76,8
59,112
10,1441,18
39269,75
6011
5994
653,1493,64
305,9662
26727
22441
30374,42
382,448,10373
39627,225,817
152,34,57
345,32,80
20,1152,16
20,1461
20,4204
1012,18
42716,42626
15412
10908
14828
22753,6391
208,11670
221,5756,139,717
22745
234,6576,44287
440,1272,19
1308,1354
7905
24606
85,18,101
85,18,10,410
38,40762
2978,9
96,42
38,348,655,341
38,437,3357
38,437,6288,7
38,95,2162,10
38,33,187
38,33,655,2164
38,33,155
38,67,308
289,5969,8064,975
2860,2369
1234,160
13663,2696
11974
5198
274,176,4,398
24495,352
9567,16
12603
1599,75,28
719
9918,282,75
15968
31476
13217
9496,1116,23189
15817
17416
290,1178,698
3337,12,2965,5471
155,1000
2107,8651
132,2690
132,55
504,12,2619,5471
504,12,2619
10572
23777
112,999
36,5632,5
36,7048
36,8310
36,26837
36,1409
110,8411
47,33,7,304
11380
34858
19590
396,10,30601
19,5,1165
19,10,372
19,13535,2459
150,47,214
61,64,28
549,50
77,47,120
77,816
9832
52,348
52,581
42738
11345
1656,324
1217,9,5
182,5616
182,13719
20725
4714
10104
1717,705
7237
12744
16162,7
36397
7290
40878
5592
6699
174,162,14
7,47
7,4521,5
7,5120
12899,2855
149,110
130,430
42,1928
371,12,6493
4265
51,300
5,31619
5,27349,2078
5,97,80
5,17679
5,784,9401
5,34634
5,234,6576,7951
5,15485,6598
5,29612
5,23435
5,132,1187
5,504,12,3118,5471
14,3441
14,1268
3392,47
1002
1686,7
6008
3235
4615
15196
3359
10473
4375,8
3462,2696
5385,8869
1994,7
10364
11133
103,9,106
33904,1490
1088,162
10098
15599
25342
15470
28159
1373
13686
3814
3681
16350
3236
17213
9749
235,865
10727
3068
4066,8
769,9428
3357,24
17904
2519
19152
3190,868
6636
9534
21298
2851
24508
2442
13677,8
12327
16296
1318,797
850,13
12832
9761
6016
9507,8
36033
37836
12189,13
3493,6,8
3493,77,341,19,10
13305
11075,19
1595
5730,38703
81,70
66,9,5,169
14509
643,32
50,277
17250
15,12,1902
15,5,921
15,69
15,524,20524
160,6,8
9,5,2187
117,588
7464
15455
127,3795
127,4252
15778
55,3319
3708
5271,8
31580
29966
9550
4710
2474
442,42
4320
475,1497
9869
1181,87,5
7014,8
6901
1601
13514
9227
1618,24
2239,9158
12863
981
13443,24079
6929,254
4719,24
95,141
95,30
24,14026
24,2198
5221
2683
15529
11,110,865
11,5,375,8
11,937
11,760,9,5,2280
3855,11
114,951
1991
5207
19122
21039
5487,8
239,334
12113
2282,75,57
6545
2388,87
821,3275
205,2369,1318
1411,7
1411,15
19015
1311,162
10196,30820
1531,8
31,5,276
13542
13,569
13,103,1219
13,12033
13,5252
1037
27325,3807,918
1929,8
16855
292,107
28113
3820,19
856,36651
1730,409
16069
2433
3724,11
17545
856
4924,7
8992
7400
655,187
9126
1923
13892
1047,8
33827
364,12,6298
16881
2377,8
1932,8
39424
15261
18534
42637,8
10208
6770
1778,11075
5581,9,882,8
4098,19
11962
10691
11138
17261
37687,8
8417
13654
5585
15868
4192
15625
20585
3260
36492
2539
24241,154
7922
8348
8405,66
1353
25081
7127
28153
53,4146
53,24,16,10
21944
1229,8
13182
2143
7304
741,3876
3738,8
827
32163
124,13534
124,6,8
409,6,8
23,614
25,643,33
25,1118,7
1548
277,10373
818,117
71,103
17327
1606,15
3501
21979
59,5,1836,9
10,9463
10,177
10,2870
10,367,107,536
10,195,999
370,40,28
30065,8
11258,5940
15690
590,127
19001
520,38,2162
653,55,115
32008,104
26817
9012
7545
22575,5922
152,1551,16
152,3188
152,16,269
1216,6864
1216,19185
1216,6870,35231,29,32
345,18,117
20,12769
20,8089,32
20,1490,12,179
20,13535,2459
17011
39973
255
5900
6783
17449,342
208,4734,700,13844
11533
13287
19126
17257,4031
221,3134,18
21535,8
2548,2716
374,10
5148
14662
234,6576,18
10145
234,20458,2191
1308,1623
14733
6207,2462,1001
9528
85,18,41
85,965,75
96,765
15467
38,348,300,10
38,1017,1195
38,802,42
38,657,24
38,697,11,10
38,489,24
38,64,465
38,64,109
43125
2860,10373
2860,907
272,134
6945,2507
274,306
10649
1599,75,907
2285,5
35409,18591
37780
21032
7522,12,43424
2692
8374,10
497,513
660,4206
8076
10616
14530,534
5663
16725,401
3337
5594,18
3490,12,5714,5471
1824
5155
504,12,18508,5471
112,50,132
321
36,658
36,30117
36,31501
36,13437
68,20078
21762,196
14314
110,15459
110,2549
47,64,1166
7725,62
19,6,8
19,3739,9
19,5136
29740
20058
2508,62
3924
1810,490,23
596,74
11966
1656,12,13837
32039
16085
1004,66
25587
1500
7,1137,47
7,69
7,961
7,2332
4965
43259
4312
42,169
16984
5,276,936
5,31949
5,425,34
5,144,3214
5,2859
5,6305,9
5,1087,6683
5,275,9,5
5,852,22231
5,28425
14,817,24
1743,8
2152
1282
2087,7
14160
5835
26334
13641
3689
194,14
2820
813
28725
2428,4929
3793,1825
98,38,216
2793,433
2635,159
7185
2417
14375
484,6317
842,29739
10075
5685,7
12649
4230,9
5288
2397,9
5422
2178
21937,8
24859
2334
2069
3987
7582
6398,17467
20635
2405
19078
7680
4227
10827
4797,8
10556
3970
11541
28496
5211,13
6379
22422
3148
1377
785,6,8
5780,10228
5024
9107
1256,157
35500
8852,30
4103,4484
3716
13744,11574
7524,50
36148,8
10242,8,310
1761
2170,602
135
82,18
5730,29762
30781
8368
751,6496
66,89,6,53
50,160
7996,3435
15,9806
15,5,1028
15,127,793
15,865
15,10,1229
1021
8658
117,2369
117,55,87
117,1181,33
7974,16522
240,103
2523
127,10825
127,2755
127,11075
127,27276
127,414
55,747,87
55,1109
46547,1630
3423
8315
19280
529
2232
15030
1044
442,106
146,162
251,6,8
6655
8094
1074,62,7
11361
1109,4226
10373,7391
8787
15658
11257
22414
9735
14506
95,965,75
95,59,143
24,16,269
3833,13
10320
4327
3488
11,223
11,5,419
11,5,2933
11,39
11,3195
15296
3855,81
939,581
2131,12604
6605
239,12,8619
2607,47
15234
20816
543,6790
1197
1733
372,4,100
5368
1093
13,5,220
13,5,7929
4731
12293
8243,8
3269,8
7462,1933
34968
5834
6773,7
14865
3520
2734
444,615
10199
1823,10535,8
960,21
655,156
2714
14887,1792
2867
615,1109
18260
4675
8083
12210
32116
9849
5403
24923
2773,6,8
5567,428,23082,8
385,705,11622
31430
6790,32
16380
19335
8847
30005
19535
6769,32885
8439
8515
2656
9055
4943
847,24
2731
7142
31032
12304
2198,430
3674,38,33
6117
12549,39837
435
5936
32698,2617
16198
8099
403,14578
38661
64,28,2773
30,277
53,1374
53,38,393
265,8
19489
8533,906
836,66
15305
380,2233
275,9,70
3638
145,41
142,38,437
4108
5692
14225,13,110
3881
23,513,65
23,723
6990
25,157,8
3701
10,11497,4123
19811
8,51,40
8,51,26
8,5780
8178
41,355
3062
136,110
3639,7
1940
21090,7
6030,8
3213,352
10,1473
10,30577,8
10,31367
10,2225
10,32219
10,357,633
370,351,75,9917
370,531
10426
15133
7819
10284,6006
14686
2096
27182
10812
41380
10623
252,348
252,70
345,32,67
20,6955
20,129,2430
20,2564
280,18,45
11523
312,41312
993,9,5
25096
4062,10259
208,2965
11968,196
16172
13287,14699
26283
12091
4729,9292
374,299,9
374,5,97,865
5178
19430,14929
1308,1141,8
13131
36970
20450
3957,246,472
256
4046
26311,4031
2011,70
226,39782
226,12743
229,3632,2545
38,548
96,14
2209
3703,1732
23003
38,348,303,14
38,12012,7
38,3225
38,2489,9399
38,33,122
38,33,5335
38,619,14
38,64,75,206,9
38,2162,42,1933
38,2162,42,6880
38,1059
1336,64
755,1318
11927
3928,17283
2860,425,8
10621,43850
24257,366
11733
2381,7
5325
14802
286,5,418
4934
1234,9,70
14321
4256,1943,10680
34122
274,134,4,398
1599,75,1057
19888,472
211,406,151
211,2965
211,2619
39774
26762,8244,26279,6315
1111
7641,245
7522,50
22116
18367,12,24185
11238,87
5654
163,947,771
1918
404,38,64,224
12386
46047
3326,73,16523
29856
1510,12,2965
195,76
155,495
1718,15408
132,1000
25183
13950,6648
112,4,306,1178
112,12,176
36,6968,64
36,10932
36,10928
36,9226,16
36,1990,5
68,2466
68,4017
21762,19560
1423,4926
664
1314
36093
10825,9484
34310
20325
5328,66
19,5,29850
19,117,936
6955,32425
885,24217
1810,12,14982
150,38,21
61,701
2408,6,8
514,18055
10397
2449
1954,5
3149,5656
24106
12669
2626
182,1335
748,8344
2939,13
4904
5425
43565,868
10538
3157
3980
4240
12325
7,224,59,5
7,3155
3016,7
51,904
89,16,65
5,936,21
5,2166
5,18569
5,6639
5,9481
5,17835
5,6892,3807,25191
5,15795,12,39293
5,211,12,17860
23213
35138
629
17796,7968
7021
3817
14032
12103
2682,11
6755
23486
39650
11782
18041
14120
2686
4428,357
12867
34753
98,444,98,205
1958
4603
2793,5535
25163
187,63
11052,4122
197,33,57
12224
33855
458,10680
3989,8
11166
278,23
1852
2754
11210
6590
3556
15332
8788
34733
929,50
3547,8
5070,13
3500
29536
5407,7
1330,7
3872,36024
6272,31
15811
3604
30825
586,35128
7089
35456,906
2633
2452
20609
477,66
477,24
816,426
3242
21321
4792
41464,1536
4655
3723,10244
20616
233,14
8661
9805,8
4427
81,12,627,12,4352
19363
97,650
8978
50,3046
50,143,97
19329
17547,15540
4497
129,701
15,7196
15,5,8146
11493
7657
27515
1117
3862
3757
24662
8366
766,1518
127,2270
127,2674,10373
930,50
3228,12,876,1070
44857,246,18
1375,24
144,341
10639
33540
15925
10439
5177,6243
14612
42798
614,1318
13585
4600
48523
26956
7526,1274
13026,8
6105
314,24
669,162,7
513,3214
8040
489,11,1508,14
95,14
1964,7
1964,8
24,851,162
965,75,269
16,2563
38279
758
41153
16019
9172
1965
15650
11,5,1593
11,5,7107
11,795
11,6676,7
11,143,169
3927
114,47,64,4960
22350
21039,661
17232
1903,162
7105
2016,12,15593
11545
37,18
1368,417,5408
33,10,1490,11
39615
4507
16335
11155,8
372,23266
34947
22285
9256
3959
36251
34773
33205
455,12,26061
20737
7619,41909
237,498
13,5,78,86
13,2600
13,2530
13,333
13,1246
13,1169
13,10,1763,9
12217
7716
27959
18626
9538,8
3539
78,376,66
14929,50
3541
2598
1769,556
3395
4491
2114
856,176
856,73,306,12,245,4,401
856,73,176,4,288
856,73,134,4,398,495
28699,2462,39426
3003,868
35389,20890,3435
2104,6,8
11534
3819
2208
1882,7
6790,8
1305,19
5523
28239
21459
18411,154
18411
15462
9553,37835
8512
8524
36451
2623
12333
12269
1230,304
26183
36190
12328
3231
11288
15443
3035,8
1607
10726,9
7070,8
9809,7
1474
5468
138,18
4372
10266
9637
32698
950
3615
28551
15855,930
1695
4590
31929
4120
64,2592
2280,3738
486,7
19185,6,8
30,5,169
13079
26663
27353
7478
37169
2799,11
36668
3089,16715
42034,44969
3089,8285
909,8,1104
15239
142,38,524
3822,476
8080
19312
6043,8
23,683
23,198
4364
25,678
25,10,1619
5240
443,8
8,961
8,553
41,10468
41,9297
524,20524,4,175
70,9,209
71,129
4555,8
5578
3316
30889
9037,994
3566
13655
14564
10,1296
10,1579
10,4315
10,1510,12,2619
370,1622
370,64,2773
22545
5711,5208
9276,12,9474
653,10,372
4846
468,9822,29
468,401,29
468,401,18
30374,24
382,1691
10478,2110
24055
7773
598,28
152,16,2299
252,95
1216,383,32
345,18,45,203
20,1086
20,21699
20,36322
3296,879,560
13676
29945
764
10962,18591
208,12,17967
2751
1211
12529
16944,2118,8662
39435
35079,24
25504
4985,1886
509,9,5,275
509,55
978,38,437
6575,1790
36233
1308,220
1308,2674
8495
1993,9,127
7192
4448,13891
47776
3561
5562
40702
10862
37274
5168
229,20954
1801,10242,24
34157
45258
85,18,372,13
85,18,888
85,1639
1534,24
96,127,2979
3703,50
3703,10373
38,348,416
38,40,1153
38,393,269
38,4521
38,7249
38,300,4318
38,2162,80,9,209
38,2162,42,1152
38,2162,42,2280
31963
14670
14448,30820
7777
286,167,9
6449
18355
1005
18609,7,304
10649,8041,6006,5382
1590
11050,7
39770
7128
211,2685
40098
18695,1301
43286
211,31640
7641
30370,281
7522,12,41944
32295,245,242
32295,195,242
5972
1776
1456,6426,417,44080
163,7933,918
28359
14747,31
178,51
470
572,103
767,7
43454
5102
3326,15134,1862
361,3546
4430,6648
37101,1178,27018
195,417
654,2543
195,4,134
29670,6725
204,12,22117
204,722
155,14721
155,12,306
971
706,5471
706,73,406
291,495
18597
21083,642
112,4,401
111,14,18
36,8569
36,5087
36,12364
36,7254,75
68,2940
68,398
68,3083
68,401
2056
992,7418
110,234,6576
2350,8
13531
3331
173,19471
1006,372
173,4,100
19,4204
2372
3418
35653
1060
61,2607
157,20605
157,6474
3748,11407
8074
169,21996
4605
3149,6,8
46071
3790
6229
182,367
15958
8218
9987
17627,4291
2969
12213
9040
39319,868
542,102
3284
80,97
3907
30387,2961
2341
299,16046
7,7691
7,224,97,87
7,6925
7,94
7,244,162
7,6713
7,9824
326,9697
34876,5
600,45
10675
42,16,1153
23503
51,1331
209,2564
5,10836,261,17112
5,1992
5,4406,990,10373
5,2270
5,19220
5,1154
5,1637
5,856,73,134,4,398
5,6700
5,24209
5,35669
5,4341,45438
5,706,12,3083
14,169
14,936
4667
5181
6013
6764
19445
26249
24909
6167
3778,34462
10401
5116
4535,8
3579
8296
35003
46290
4118
23285
17359,8
11362
29432
19038
2434,9
579,34719
4736,9
197,109
7446,19
3294
14169
79,18
22032
5453
10228,8
12712
579,4734,700,5999
2823,8
5929
191
30204
7401
2866
8265
17758
28173
647
1392
19750
33819
7145
3429
33785
8179
25202
18728
1275,12,20668
22190
769,22874
25850,868,10535,8
769,36068,868,10535
11231
26700
14302
1767,8
5197
1152,8194
10375
4103,763,19103
1904
8449
27727
46213,18
18718
1799
2400,1672
81,12,18288
50,1122
50,723
65,4,100
15,5,7929
15,674
7763
9,1122
2756
45,26092
6496,16064
117,22345
295,21609,368
1546,196
1632,8
127,14262
127,2557
127,2549
30977,1329
203,540,87
44857,246,472
144,747
55,7769
5745,6,8
6180
9184
20410
7508,18
6271,8
13418
251,187
697,62,7
784,1459
22830
14998
1109,196
19560,31
10373,8143
314,162
14610
3315
483,7
784,28690
11963,198
1212
3151
95,10242,24
1679
1236,41191
63,95
16,3999
963
88,277
5497
20317,50
2284
24109
217,127
11,5,512
11,419
11,10,948,9
5139
2274,1318,8
4812
30603
14734
9337,658
2317
33503
239,26553
19351,8
27671,42521
1368,417
543,4136
16534
24224
1134
2821
22622
12058
39121
1637,2968,1070
1311,24
10196
3065
16634
36761
887
20678
24503
1026,9
13,5,425,9
13,1675
32038
22628,5933,8
38006
11912
22154
37575
22643
1064,160
284,453
856,73,134,4,306,495
7116
5064,37687
9148
8785
10525
8895
2841,1115
2841
13209
13789
364,12,4291
29259
1874,11
3185
39303
5386
14659
2980
4259
3780
109,2512,10,4402,8
22929
11693
31826
709
7191
6565
7971,15,110
6122,15,110
1494
17462,106
3093,9
1724
8824
2702
2955,26351
6050
701,2375
14921
12924
6836
10012
5709,219
3665,24
4286
283,124,7
3741,25339
33914
7200,24
699,2369
24241
9785
4387,4,20
4387,6,8
486,24
740,37368
9790
53,1386
13673
12172
11822
38070
36669
39521
34186
3089,46522
8890,66
28337
6870,1975,29
380,2441
357,6,8
3772,7
28,2542,14
8010,8
124,12,658
34621,6673,4755
23,513,683
23,275
6559
5894
25,239,25
3025
33087,11539
911,9
22397
3798,8
16574
10874
15635
8,1682
8,4719
8,8806
8,1065
41,2935
29887
70,63
12432
2887
71,2989
4579
44449,8
1713
10131,8
3903
17785,8475
10,153
10,251,169
10,205,633,9
10,37239
10,2107
13331
468,9822,18
12630
33359
13758,397
598,127
152,278
152,16,10,182,205
152,16,10,372,410
252,173,372
252,2025,75
1216,32,45
20,701
20,934
20,7522
1012,50
22346
391
1773,172
1841
42477
8883,500
33565,6007
1223,15040,868
4913
33246
248,5273
248,6454
26590
2869,8007
35079,4462,24
7431
18365
4868,246
35417
33423
5931
16702,3215,42
3128,456
6068,14
28645
30575,7,224
7278,41132
1308,94
5455
35226,1178
14938
1464
42583
1876,82
1775,8
6207
38227
85,18,300
85,2939
85,14023
85,1523
85,16,202
34473
7908
96,1285,7
3703,7912,2747
38,348,626
38,6329
38,2801
38,33,80,9,209
38,33,41,793
38,7533
38,64,4016
38,9159
23162,10452
2860,410
31561
2315,24
20996
35338,18
272,306
286,103,1219
286,1268
5089,1941
27241
381,27093,6315
1599,75,905
1502,1342
211,7706,459
5423
22603,12,11670
35409,50
37051
211,30881
11931,1672
4556,38093
4307,565
230,7205
7522,500
125,14,18
22811,12,179
1868,5
13379
6362
83,21454,11478
587
3166
21893
32420
730
404,130
4287
44171
17491,3991
83,844
290,6648
31551,4,1225
3337,12,2965
4801,5471
5545,5471
204,1178,401
204,4,245
204,7756
23513
155,2767
39103
974
820
1014
132,4,306,23108
8963,5471
545,12,2022,5471
158,1000
112,4,401,1178
2156,8
36,19010
36,879,3341
36,36100
36,41690
36,2137
36,4321
36,12963,600
36,713
68,176
14188
23595,3405
110,3280
47,64,638
3023,8304
12648,59
17694
351
396,190
6955,11745
34294
1924
339
150,38,524
61,16,67
61,38,304
99,655
157,12,7078
7656
15033
8232,14929
5792
885,73,8489
7267
39741
17377,4882
569,2280
7121
23021,2126
41421
8745
19603,9
18796
12950
3752
1933,18
223,110
14011
23476
7225,7
23012
326,9798
86,4,133
86,4,100
4634,444
89,269
5,7017
5,4767
5,5203
5,42598
5,5442
5,5631
5,1823,5933
5,5567,642,7842
5,45483
5,2148
5,3298,18
5,15795,12,37871
14,4,100
14,21,45
14,839
3971
27608
23538
19665,2839
3514,2088,6634
13536,7
32093
6564,25276
6564,1744,994,32
2628,14970
5315
26123,6,8
8197
16452
8431
25156,4382
32201
12964,6315
2504
2414
2292,38969
12490
18096
39152
5938
7250
38846
15960,5,936
1088,13
98,747
31675
6675
25843
13763
7884
11586
11401
27349,2078,9
6464
7846
21782
29564,8
4406,3156
9208
13282
8254
1331,24
46409
25807,50
32840
4522
7931
1522,8
15950
10889
3152,8
3197
4346
24577
7213
6215
5728
5910
3471
1552,13
3594
19999
16425
8715
8255
9493,33401
25572
769,36068,254
41804,24618
6087
11034
13408
14327
15430
3349,1657
8106
5774
2621
181,1438,5559
3273,66
15168
2125,14
8517
1345,5390
1028,1530
7843,1873,7418
16599
21451
5647
8531
81,16424
6647
81,12,627,12,3628
9980,3899
5798,8
7945
50,1493
36377
1414
7187
15,12,9806
15,5,2233
15,41,2530
15,10,1675
681
781
4554
786,12,574
786,12,1729
117,86
363,2347
15717
34784,32
17331
127,2761
127,213,12,560
1410,15
9787
728,6,8
10877
1145,2961
24117
3783,6,8
2891
162,4,100
189,33,57
11498
29473
22396
13867
614,12,1397
4600,10174
7425,30051
7014,658
2259,8
13144
16568
905,1937
12902
12056
5252,8
6536
848
11057
11914
1437,2088
24,4,243
24,18,308
32922,1295
16,41,3973
6440
88,80
12332,8
39886
17886
16561
7335,9
712,11
35489
11,5,12288
11,127,1040
11,69
11,2228
13113
14085,7
939,4443
8444
750
5960
6418
5586
6958
19344
37,73,8877
3988
543,23963
865,12,11706
13177
11344
300,162
36811
1311,47
2029,24
25950
20935
4338
689
5650,8
4871
2342,13917
3386
4551
21378
856,73,176,4,398,8
21141
13595
11514
1246,9
24300
26611
17073,14726
12371
31615
18344
2339,8
32366
11967
6242
33022
8512,636,424
2110,6,8
7971,15,5
4501
5783
2996,21
36313
38890
5044,7240
19046
34952
1230,8
36036
18846
855,577
30197
17766,1825
2913,11
1953
34236
33894
15342
9712
30646
20568
1881,254
6427
12858
5145
14364
17941
606,149
606,159,7
7705
19008
593,658
14454
6049
32552
14246
29224,13738
14889
740,428
10205
64,28,5493
2280,4,133
19185,6,53
19185,58
740,12,2146,612,4987
53,45365
12095
2263,8
2406
12301
809,6,53
6870,366
14678
34476
38877
4649
23480
9590,6,8
2613
10905
31109
2394,9
1099,2786
14218
7265
23,459,1988
14964
23,70,4,100
25,10,4115
23150
18175
5848
5049
1553,1400
1268,18
7173
26678
8,24,18,45
8,24,581
8,10498
8,32839
70,12,13837
11794
5195
10662
456,4,100
71,203
71,10,150
40153,31667
26112
37371
4824
11829
14539
10,11314
10,2214
10,16046
38022
5711,29269
2612,582
4820
520,24,606,7
14597
37012
305,7025,100
305,1889
18071
10880
29950,1020
12178,1769
22381
3105
10478,10746
6892,3807,12,574,1459
3107
12135,1099
39627,225,4893,5471
152,16,1153
9387,19320
1216,2369
1216,109
345,32,117
20,299
20,1762,9
20,29850
34302
255,894
12457
23731
2141
5413,102,10653
4969,2459
5900,5535
10220
21375,8
14765,1825
208,9419
6371,9854
6178
208,18103
208,698
25080
5716,1497
26103,8988
7382,10337
44213
12221
2848,1115,3985
4937
35079,8
43072,2848
5302,12231,2857
38948
41580
8487
1491,98
1491,203,55
440,65
440,743,19
12888
19815
1308,1441
1308,3034
20294
1464,1829
494
1775,29
19482,1100
9527,4226,7
14786,271
226,12,22760
7238,11,1508,14
16932
96,97,1617
38,938,75,4804
38,10728
38,300,42,10373
38,46405
38,64,206,9
38,2162,42,1886
10357
11468
1204,3902
43825
1833,11208
4256
29655
25054
25468
22537
28502
16013
32555
34652
17678
12714
211,8307,139
9147,154
13520,1409,6282
1832,2512,10,4402,8
1053
32586
30540,8127
15421,6335
9036,843,5471
211,5987
211,245,1866
211,31830
211,12,14586,574
7519
13626
20240
2615,28
230,7486,493
12471,37049
7351,4048
125,71
22811
7803
45192,24
16206
1378,15
10414
8705
3047,9,5
163,34072
287,1010,25
287,13,5
11199
726,26838,22728
20451,6282
1480
3326,4492
6019,3293
83,7522
6164
17594
34240
3490,5471
3490
195,12,3641
195,12,698
2929
3675,5471
204,12,245
26227
5773,17025
706,12,15274,5471
132,200,4646
504,12,18508
545,19562
158,12,996
112,4,134
36,7109
36,10010,32
36,6025,18
36,1116
36,7877
36,1672
36,4297,45
36,246
359,2253,1242,131,133
22,627
22,2362
21762,6,8
47,64,888
3007,8
1364,22892,12445,8
19958,20779
693
32660
19,10,357
8869,12445
16492
1298
6410,262
2508,254
150,1094
61,74,28
147,89,32
439,409
36336
41348
3748,24033
42738,1580
13933
3203
3874
6820
17737,368
3360
5915
8942
20139
4879
62,73,3955
62,593
17118
21541
23089,10074
9327
16974
37064
41144
28098
11342,3999,868
14536,7
24447
2416,162
13656
3605,481
10723
25556
45573
1058
11033
3944,23199
350,4,133
7,1268,54,16
15976
15019,154
600,4,133
42,4,100
42,2594
106,4,1308
20343
8870
5,29650,1672
5,810,9
5,3527
5,14929,21
5,2249,227,5
5,26640
5,275,907
5,12701,14369
5,234,6576,44287
14,2025,75
11030,3275
8059
32196
165
18802
26580
14711
28671
6797
3649
37850
16061
40454
1800
1690,6831,5846
21320
521
1294
3860
2322
15706
2827
7749
1652
2326,6,8
2294,159,7
11235,9708
4492,8
9052,14
17771
5443
9316,523,611
2504,39387
8576
17151
17966
12020,372
2369,6940
9382
2257,4,20
98,614
5278,1906,5641
650,1836,8
17605
2972,7418
12034
187,172
29445
44324,20657
738,396
13344
36789
24454
1818
9042
3342
2241,2802
6255
579,48545
10134
6387
24230
7666
21041
18939
4991
3562
23550
5301
2391
18684
8306
8736
11246,7
12173,196
14240
6771
22213
4885,5622
40453
9115
18056
1166,73,29631
33803
5211,23
19634
1693
3188,18
16363
10064,219
17741
10732
16453,10228
4362,7,28
5343
4198
18904
14652
425,4,100
4361
476,62
40225
11550
4103,1115,1001
332,8
12189,8
4136,219
12177,9
20835
11383
29635
27169,1295
81,2993
18809
6639,8
66,3443
28094
1651
1735,8
65,12,9267
15,5,3742
14223,4339
5852
30390
786,12,8287
117,12,13650
117,1142
1161,34020
1632,1109
3763
295
6154,4306,20169
14516,8
418,18
12030
27659
5251
831
9198
919
20147
10721,39967
14251
1797
16189
3510
17611
4196
25832
25803
33944,3923
29213
7082,8
251,12,1279
29784
27678
3033,62,7
30443
5678
14187
5738
5856
19146
11853
1709
2743
2777
24272
6348
5836
762,19320
34363,8
762,16
2396,24
95,2653
2660
1236,24096
1315
4900
24,4,1106
9472
3978
11,5,14193
11,2015
11,127,865
6595
10080
21861,46707
39,26058
239,2903
20280,12,9169
40591
17835,9
1144
471,8,4793
1420,42807
11402,3188
14157
3831
8290
29706
8505
3057
205,1881
724
29282
5921,5347
37355,31
15934
5660
23247
4044
29520
38689
8671
1188
856,16250
31,84
27307
41787
4620
30609
24841
3041
11291
2342,38755,8
8746,14963
5447
2157,9
3993
9789
28853
652,29098
856,73,245,4,401
28699,3733,40664
26038
9250
4205
19379
3571
26044
4201
15550
9094
6376
20251
364,506
6872
5567,6,8
364,46347
385,40311,18
21072
4024
20957,7
1457,26710
11170
3678
6408
12983
3221
10667,8
14548,352,6474
25318
11213
2110,101
38442
8429,27569,8
5581,12,1116,12,1399
37018
19592
2424,39210
17584
12575
3836
16490
385,11160,500
16726
847,2696
12988
7344
12337
7621
10304,7
5475
9872,8
20896
40220,5206
11730
3511
35310
17957
16388
567,124,7
3195,6,8
38734
18664
3613
5418
11855
30317
42809
4215
4986
40286
16426
3768
3551,4247
6363
4758,245,242
7986
14534
512,18
19369
4705
10061
64,28,10,410
11021,438,28436
1519,7
6129,73,417,9996
30,49
30,117,839
53,14,18,95
53,24,16,202
14827
35156,8
40399
23279
23637
3187,8
11225,8,24650
9589
8016
6578
8191
22541
9759,154
5276,5223,4325
6904
13897
7723,8
6870
13276
33842
27644,11
3267
3374,55
1542,4929
15909,293
12284
124,172
741,73,438
741
8672
33093
34758,7
30565
23,856,73,176
23,10,423
14144
14525
25,157,4,133
25,215
25,7420
25,593,7
7201
1566
17999
32,2260
36612
9889
30170
9364
10,43432
4102,8
5988,8
5274
39341
5800
8,52,58
8,51,258
8,25079
29455,27368
32755
5353
70,9,167
70,183,251
13176
935,219
37282
4873
1100,1040
2329
14150
3213
10763
9441
59,564
11360
10,543,18821
646,17212
10915,3006
4037
370,1017
1577,42631
305,16665
9276,12,9169
23198
653,18,45
2027
166,304,24
3075
305,35404,1225
46089
305,591
12178,2579
8630,24
27271,66
255,1545,11681
3101,162
7447
6892,3275
13734,1630
13758,3512,26318
598,162
39627,179
152,16,1622
152,16,10,531,33
7470
252,619
20,1270
20,751
4569,7737
7736,13249,18
10883
44471
6544,3431
5598
20102
5413,1115,1001
34675
15707
6358
407,171
7090,254
840,2407
9129
840,8246
208,4734,700,5999,18
208,4734
26538,176
4062
1214,45163
5872
31684
4622,1417,1043
248,14071
14895,3765,448,9309
3460
42681
6883
36813
7975
26279,12572
3037,16148
18486,11483,368
221
11011,8
15973
759
1491,190
369
26874
11276,625,3082
16911,8
35133
5008,45298
10145,196,42
13806,424,20000
32500
1308,1049
8028
13021
6698
10719,19306
3066,11483,368
1775,8192
27231
3957,495,19270,245,7496
41576
256,10644,10569,401
15084
12046
36870,254
7507,7418,611
3410
7238,29
550
610
22708
26596
96,12,45813
96,5,375
96,143
318,47,4511
318,47,563,15
318,47,2025,75
9206,673
18090
4576,246
38,348,187
38,3244,7
38,1705,75,28,16265
38,27789
14943,196
29260
91,18
289,10129,12,134
10972
7406,219
7951,2915,8
1628
2610
1840
10352
272,3699
9870
20483,1594,718,119
273
1261
46123
274,245
274,73,134,4,398
13777
21523
15482,169
17637
32555,42965
381,12,565,22290
925
1599,75,120,162,1593
8901,24
13404
211,13055
211,4186,12,4017
24980,108,565
5885
211,30875
211,12,12139
8911
30202
3004
10326,254
7813
17571
1505
7641,245,242
1653,15975
6832
6912,8479,26025
886
11565
2278
28305
3727
39485
163,947,487,131,108,29
9496,2603,271
20555,12,40529,2426
20555,14495,2426
287,38,26
1257,18
9511,12,48927
30098
39085
4414
572,667
572,519
27738,3204
8076,4405
4248,1941
33702
290,3023
231,2543
3620,5471
36300
22599
195,12,3427
204,1178
204,330
3330,947,10431,3079
204,430
2491
34454
2107,6648
21947
389,495
389,1749
155,4,134
155,12,245
132,1178,5
31023
971,12,2940
706,12,4531
883
2338
4999
291,12,541
132,4,245,5471
753
601
545,4377
501,5471
28577
316,73,246
8017
11061
112,73,398
36,8585
36,39563
36,642,9222,11835
36,7269
36,12338
36,242,4,571
36,17193,7
36,11828,6537
36,281,4340,7
36,2387
36,1106
36,10836,261
36,306
68,10056
68,5714
68,1366
68,36559
68,11343
849,134
22,8726
22,133,35079
39750
44736
110,557
3363
26388
74,1266
10533
4613,6,8
32144,8
8869,119,279
7892,8
15846
77,51,214
99,55,64
99,1493,64
17840
23341
11003
7546
21596
998,6,8
52,1017
169,2300
169,350,203
28126
35076
21,1843
5321
3279,8
2204,35778
18046,8
3424,8
29331,10486
38162
25083
21437
6662,868
44126,625,868
2568
15067
2737
22027
7182,5435
6436
16902
2937,731
9492
28487
7,1193,15577
7,15981
7,7678,1075,1630,877
12431
32683
5801
12872
3553,14672
1583,9,1932
17797
5751
5,741,3876
5,1948
5,208,1866
14,761,9
8327,3865,2802,1334
9927
6396
326,14982
1239,4206
15714
326
1743,19
17796,11365
17796,11162
36719,2072
17796,611
21322
4045,8
32167,8
17408
2628,4862,1720
9509
10791,16
3606
2849,21993
7757
6471
8069
2506
13596
202,29
24977
11235,7486
20677
1413,62,7
32043
1834
12500
2369,4,133
98,3036
103,1319
2643
2472,16
2257,50
37062,8
98,2085
98,171,430
4543,15106,352
8464
26654
2972,4360,5971
22877
16099
34940
765,154
34725
37233
7722
327
16499
5658
21841
10875
1403,12,36588
5163,9866
21921
3202
19745
22093
34564
1768
22374
16748
9802
579
27123
3758,12,12528,382,448
38857
13173
9378
31460
7615
6654
20666,8
11942
5032
5070,8
16462
33428
11923
33164
23101,7
6774
9493,620,9391
6203
12859
11690
5312
769,30364
769,18716
16569
910,13286
29154,1527
20004
297
1318,4,133
20830
1027
14476
3364
15501,8,7407
2038,1318
1272,4,100
940
44074
476,1902
16407
2697
6881
2704,526
10242,196
29051
708
9405,24
181,3181
6907
17190,46491
16372
12576
10995
6184
1667,14
46544
34255
16710
6665
5730,3509
18100
8642
24901
81,5182
3973,8
39512
66,4,133
50,795
490,124
65,37102
65,477
15,4,100
15,5,97,865
9,768,6,53
6444
26575
25708
122,4,100
32228
40626
2924
12343
20941
9001
127,10836,261
475,5781
7268,2684,1070
4133,6,8
19979
55,87,817,62
55,87,143,97
6950
38289
16227
25897
19039
6160
26506
19109
33414
26322
5177,24810
20273
26012,1688,1178
8168
19220,196
10638
15829,8
46733
4808
38909
27754
516,9,6112
1109,12,4301
1109,1300
10373,4,133
94,186
784,3785,1120
8952
30572
4976,66
449,5434
30346
9090
10720
9755
3704,7
1236,1438,1634
1236,1242,159
26993
24,4,970
36180,625
36180
31973
6890
33623
21991
3425,3783
33073
33285
12038
7465
13762
5294
29749
32578
19901
4877,11
11,5,10299
11,628
11,10,2933
5574
2480
12780
8131
19849
3960
5253
3712
5487,6,8
239,12,9406
239,12,29646
239,2859
239,13135
2016,25
10819
471,8,10762
4798
2909
3679,38493
29589
4443,99
8045
36788
2307
16073
205,4,100
205,793
1972
11581
821,428
15475,4691
5671
426,101
5043,196
35682
455,12,8407
18699
7900
13016
36341
1572,47
13,5,1445
9565
2342,18162
78,731
2277
8411,19553
2051,4,100
2190
16022,36500
4029
30561,293
33529
9879
1769,4490
3975
2419
856,73,246,4,245
5486
8926
5152
5451
13009,127,2113
4400,19633
3278
14981
3555,12,4483
22368
19606
1007
1321
14224
30319
10986
1169,1364
5838
4441
5567,438,4489
364,41151
364,1121,330
33196
385,9996
1262
17811
30645
12071,4376
28686
40908
27849
8862
12404
29831
14863,1115,26427
19131,13349
28101
2268
17533
18411,29
17534
25871
23819,8
41071
13684
6381
8034
3816
3688,7
2202
19436
7000
16399
4096
2180
29322,15341
26138
14401
749
25111,2696
797,2798
31003
13307
5558
2360
9549
2883,994
34307
15229
33391
19389
13879
11439
8664
14284
1029,12,16941
2779
593,12,4489
10907
18618,8
4564
1947
28993
44928
7359
12720
2048
6237,8
24622,268
3255,32
8038
4758,245
512,18239,10615
64,28,303
2280,5565
6129,4,133
2353
8792,154
8894
3413
10306,4242
30489
4315,11173
5378,14851
2900
42885
7814
5103,2494
23994
741,7026
26879
227,430
11352
41230
3650
44949,257,3175
22067
27113
23611
6751
19267,12465
37621
23,5,1786
3440
24054
7350
27899
15162
9503
8,2410
44938
524,18830
524,30167
11807
10514
70,12,179,12,1264
70,4428
4374
1390
11129,24194
2132,30
5814
28665
20696
4285,700
10,38334,261
10,73,438
10,897
10,1441,9,4318
370,64,304,24
854
305,11516
623
3095
2612,222
24100
520,38,21
653,1493,16
580
5842
30778
305,4581
32060
21741
14815
12570,12573
40419
11714
33559,1178
468,32416
9973
315
19687
33987
34192
6892,3807,574,1459
598,1832
13497
16703,37660,18
28106
152,16,65,9,167
152,16,888
345,18,67
345,32,484
20,26309
20,5735
280,29
8506
255,1301
255,13457,7417
27017,1301
11171,154
1582,35248
312,36002
18807
9631
2776,7529
15707,462,5110
27695
840,12158
7787
24259
26800
5446,7124
24753
9721,196
29801
33040,1096
33040
20857
41812
41814
12723,12,40807
45083
208,30104
208,245
208,176
208
15552
5716,846,11499
5716,18
26103,7575
39330
1223,523,17536
2822
4622
37317,1225
38103
20917
21898,29
14614
977
11253
15861
6898
21214
7086
4868
18578,597,15004
28889
221,12,26673
13149
33180,18845
1700
1442
1491,129,473,24
234,28937
11568,448,298
11568,12,38092
9081
10872
14279
8127,725,1862
28260
234,176,250
5512
14938,21424
12466
21089,32892
18247,7061
256,13556
32671
5078,6342,1793,179,11959
5266
5737,4301
43247
8744,4245
17161,9
229,21962
229,3632,2022
2898
344,7976
85,16,122
38,2527,38493
38,2527,4901,42716,42626
19661
3779,3703
6442,29
26569
4576
38,437,878
38,2162,258
38,524,92
46265
6003,38582
832
3928
289,10129
22899
7951,4697,18
272,42190
8432,24
12192
25817
3515
4150,45307
1833,22120
4754
13464
16728,293
21309
9510,18
274,1301,2022
12895,8
25746
28392,7831
274,73,176,4,398
36142
19576
4337,958
8923,19633
35562,35515
2370
37491,41548,29313
10649,13709,14079
40416
17678,7561
381,12,698
29614
23722
211,12139
17091
4672
6310,19051
24182,438,2915
6282,10962,500,11149,19
211,40904
45425
211,3083,29
211,1096,8
211,2965,29
45239,11575
36168
5309,41903
2585,40644
8791,196
8791
16581
35585
14127,219
42503
2893,324
412
3576,15888
28382
824
15858,7222
11995
11710,3398
45289
896
4536,438,10337
14433,73,5433,574,46751
7522,12,18591
9841
12471,2191
230,541,541
230,176,534
28137
15463
5637
6191
37732
3727,12486
46173
6362,2796
23098
163,359,234
830
20555,7061
20555,4253
3945,47
83,46782
5053,5924
5053,9178
3702,18974
3702,3204
3208,9995
22695,2739
572,203
6208,17778,2857
83,2685,12,39517,771
3263,250
3263,947,3914,131,565
3263,947,565
36356
9601,100
1812,5471
262,417
1510,5471
195,1178,406
195,5208,29
4893
30703
38427
195,4,288
195,12,401
2929,612
4034,947,10431,3079
26748
3330
843,947,10431,3079
155,119
155,2543
25444
389,183
155,73,398
155,73,306
132,6648
971,12,18508,5471
971,12,15274,5471
5773,495
706,12,15274
14576,6725
1466
3010
132,73,246
132,4,176
132,4,134,10721,21424
132,12,306
132,183
112,4377
601,12,1749,5471
316,705
316,12,5881
158,495
46959
112,73,2619
112,73,11338
112,4,398,495
112,4,306,571
112,4,246
112,4,288
112,6,151
36,1694
36,33834
36,658,7
36,11672
36,27737
36,7443
36,8396
36,7424,75
36,260
36,43815
36,35404
36,19224
36,40283
36,541
36,698
68,4697
68,11338
22,2871,1115
22,1250
22,10836,261
