5
7
9
8
10
11
14
16
13
21
15
20
19
140
39
37
25
9,5
33
32
34
28
30
31
23
45
42
11,5
24
54
41
59
51
47
49
57
38
26
40
82
58
69
2235
50
99
79
74
56
53
270
52
65
66
84
61
15,5
71
70
5141
807
96
55
95
7,28
112
101
91
117
67
77
114
109
23,5
145
136
88
62
13,5
81
64
142
143
11,10
125
807,140
98
89
249
129
19,5
87
31,5
174
97
171
63
137
2448
115
152
103
1284
148
16,10
320
123
34,57
190
164
122
209
216
197
373
83
30,5
470
120
106
559
85
167
141
25,10
33,57
5141,2235
140,17,27,29
156
188
178
206
394
94
390
1104
92
159
172
124
735
222
86
144
147
78
446
127
247
1172
110
313
164,7
309,7
121,4,104
59,5
653
150
637
224
433
522
236
182
65,9
314
166
80
185
14,37
1363
9,39
37,21
146
340
252
569
149
44,48,100
201
5,315
599
730
431
5,2448
323
215
1939
74,28
19,10
527
218,17,27,90
491
362
235
66,9
393
203
16,45
40,28
596
803
188,469
187
277
311
189
213
287
693
202
584
488
333
1681
5829
107
24,21
336
192
308
264
374
24,17,27,29
283
632
217
679
369
21,10
445
303
13,10
148,5
227
318
161
358
1557
304
7,33
160
729
331
169
168
735,446
236,7
223
26,14
531
1751
284
473
8,39
85,17,27,29
341
153
140,18
2235,17,27,29
439
342
5575
520
140,34
270,140
1413
1047
376
198
315,532
382
140,16
280
2669
37,17,27,29
1566
370
4641
830
549
402
285
604
905
24,18
205
23,10
1585
572
767,7
74,33
24,16
1194
253
1574
7,109
383
194
233
162
88,5
11,39
752
360
908
3346
610
1791
690
269
240
345
779
1485
427
5,144
1094
485
220
251
509
232
186
592
2790
259
553
3049
667,7
631
276
335
1695
496
2588,2461
4282
51,58
1278
645
65,9,5
1024
418
442
2439
258
140,8
193
76
396
51,32
5,315,532
399,17,27,90
137,5
71,5
602
135
55,87
444
183
1449
909
555
1128
7550
622
664
173
7,120
14,51
703
317
503
400
300
367
486
30,10
888
616
152,16
1659
957
62,7
5,121,4,104
5,470
1686
1263
81,5
513
13,39
754
1283
655
630,17,27,90
6669
900
350
5,394
912
197,28
573
472
9,42
244
70,9
273
1148
44,48,133
21,45
130
89,16
79,21
422
621
233,9
429
33,10
56,57
31,10
408
413
359,3914
5,78
5,247
278
940
831
1003
639
524
663
1083
798
10309
5,276
1901
356
11,41
403
416
942
296
2206
407
1112
3480
875
54,33
997
1680
5,1172
9,49
9,84
2862
848
11,42
1450
1395
1424
585
420
598
1858
286
54,21
5,382
1137
982
780
2099
659
1263,7
517
505
37,16
562
3354
699
380
460
1697
5316
1378
1072
454
2858
1224
14,79
951
266
588
363
1102
372
492
455
608
1984
1912
140,26
977
2715
2063
886
52,32
7,146
42,16
14,140
26,37
618
683
1036
538
4175
1134
465
568
23,513
136,5
355
832
404
44,48,170
157
2288
1081
9,209
453
489
515
2080
1268
552
70,5
38,17,27,119
4370
99,37
174,5
51,17,27,241
5,129
5,320
14,24
794
476
1085
423
722
222,45
2180
294
270,807,140
988
96,5
38,524
635
1261
497
61,16
7,185
51,33
165
924
682
375
537
346
377
817
533
6176
184
576
419
626
218,75
115,28
567
606
566
10,92
10,313
1513
20,1681
17763
440
19,39
52,17,27,241
770
7,213
802
89,32
2732
738
484
1051
82,54
1199
546
301
540
684
11,61
1482
481
237
511
880
409
932
1238
395
772
870
54,16
600
14,17,27,29
1834
1373
1228
477
781
766
948
488,2251
965,17,27,90
547
56,10
720
556
668
473,45
1303
575
1765
8,38
71,10
441,7
550
96,10
4282,1284
52,33
299
7,192
1622
450
240,7
2447
750
1317
474
37,56
961
656
1216
3259
427,4,140
5141,2235,17,27,29
2235,18
41039,100
54,34
634
452
14,52
215,25
7846
2971
200
1335
2302
751
643
558
16,145
1114
1420
851
1150
960
941
1135
432
1837
834
25,37
32,45
1857
10,319,9
2101
47,64
648
1141
1983
1476
6245
7,28,10
167,54
5,735,446
14,34
747
9,82
1533
6874
519
177
3794
292
836
1099
307
369,1101
85,16
1501
41039,133
339
1086
54,32
4153
1802
89,21
5,232
5,249
5,1557
800
15,39
9,167
662
1601
1025
11,645,7
37,34
1032
652
1276
1129
593
373,5
57,10
140,21
1184
302
1292
3932
412
654
93,8
1006
40,33
77,37
938,17,27,90
561
1235
5,235
5,220
5,433
4888
1067
686
638
829
1325
1015
678
66,9,5
1530
346,9
839
633
743
696
88,10
11,11234
1050
37,74
1093
1445
430
2625
797
535,7
464
64,17,27,90
64,28
1519
275
10,367
378
1659,641
3710
13191
47,33
1241
304,9
7,244
498
1856
49,308
5,97
5,94
1686,59
386
1203
10228
823
1030
665
2215
16,122
114,47
13,42
2277
615
2026
1146
2641
5899
1525
6299
318,47
38,437
1336
1934
91,21
1740
8352
291
447
1617
1104,22860
514
7,216
14,42
551
1300
592,433
881
2018
878
929
235,7
6114
431,14
1219
1166
737
9,69
6615
761,9
11,84
114,37
39,308
1169
630,75
744
768
343
512
124,7
1503
198,5
8,97
818
420,5
1316
3075
589
2667
280,17,27,29
1738
6973
18580
38,206
14779
41039,170
61,37
7,912
1583,9
2758
521
2130
2686
103,9,5
650
411
1082
526
2334
1433
9,1363
189,33
2232
685
697
669
2074
1194,19
478
37,18
617
1299
2230
855
4456
1474
8967
227,5
142,9
1394
8,52
8,172
2346
536
814
1760
623
2246
3085
270,1284
1869
1284,17,27,29
188,469,1513
1876
957,5829
85,21
2235,8
44,48,100,206
624
1298
7,224
149,5
5,559
5,803
5,754,14
1997
1078
7159
4800
1153
563
1842
782
1579
529
1207
1074
410
101,7
628
216,14
1467
1167
4157
499
1061
109,45
595
1388,7
4564
2366
265
1040
1925
357
25,51
2092
1382
1218
3668
590
391
2211
1483
96,754
3531
6553
660
44,48,627
44,48,1106
40,45
688
1346
1004
7,342
7,1744
89,17,27,29
5,285
14,18
14,37,21
554
1068
334
1256
332
582
1605
233,9,5
490
9,106
632,8392
1226
453,9
189,28
2427
95,10
16,41
1165
11,1263,7
11,188
239
1411
213,7
1516
964
619
3950
1170
148,10
1143
1019
2563
1103
373,13
716
2082
4026
456
355,14
10,693
5821
427,140
1801
1454
2321
344
1534
38,40
2063,491
3047
158
44,48,1185
47,17,27,241
390,54
1060
3545
5,92
1239
1294
670
979
584,14
3246
936
82,32
15,49
793
583
657
314,5
94,186
2777
1495
963
2316
11,5,121,4,104
114,51
1034
123,7
2510
3519
1654
1432
1602
749
64,109
4487
2163
59,39
345,32
1941
993
4336
1863
1806
1541
978
759
1491
1308
2454
2385
1590
837
1585,2235
44,48,713
1979,17,27,90
74,45
2136
54,58
147,5
8232
2204
1337
223,5
3157
1381,7
362,7
7,304
7,311
7,517
5,729
629
187,5
5912
2145
1275
6689
609
2097
708
2203
1357
9,70
1440
919
171,82
101,10
680
1160
1320
2006
37,26
34,45
1369
1637
4486
2339
2296
1276,7
1462
1498
138
435
1695,14
920
1726
1959
908,15
25,41
1220
1157
3525
1100
2612
1854
2141
901
1287,1422
5337
2826
644
7503
755
4641,6669
3661
11234
824
1378,13409,18181
13191,5316
36,463
47,32
1982
19,49
998
341,7
7,492
5608
371
5,569
5,527
5,340
5,275
5,1659,641
7898
467
19638
999
2934
1994
1010
98,171
79,17,27,29
2142
774
1487
2098
690,14
5056,7
1348
1195
5345
1027
1286
1406
249,1024
82,11
1323
66,8
84,247
15,296
160,5
9,768
45,129
117,1181
531,28
728
1266
884
2429
1682
2712
543
1102,7
31,39
841
2327
1683
159,15
12620
3162,7
2198
2286
64,75
325
1087
1684
639,5
142,51
2020
23,42
1996
25,157,25
8,55
41,1566
2887
2134
10,372
370,64
140,637
345,16
1012
2795
6913
392
2589
12542
6509
38,17,27,548
1603
38,21
38,33
38,218,17,27,90
91,16
1621
1234
807,140,17,27,29
2285
13896
1089
15478
2745,1292
3053
132
365
44,48,100,17,27,119
44,48,894
351,17,27,90
351
770,7
7,836
42,186
42,21
42,247
106,7
5,2373
5,693
5,403
7263
1985
323,13
1652
969
1363,2080
3556
810
2624
4289
2270
714
3273
2540
816
2125
1041
15,599
15,273
9,145
2756
3617
1410
981
917
16,99
16,98
16,95
16,67
6807
2942
2213,9
959
2303
4331
2909
1311
1950
1572
1447
1254
432,19
1846
1701
778
1819
907
4887
2046
1059
3618
1247
4100
5800
8,84
41,803
1937
1507
71,37
2349
10,538
20,1562,977
2206,10309
3417
2431
1206
1636
85,18
12215
1231
1547
155
316
22,133
19,41
77,10
99,21
439,15
2449
825
1680,9
201,7
1567
7,2790
7,465
7,4538
5,1086
5,752
14,74
3656
2528
2087
1400
2305
1158
1419
26,4,20
2334,7
1091
1179
864
2052,7
986
5662
801
702
1904
1345
1595
9,470
3334
3486
5757
5688
1145
1647
356,23
672
540,87
1159
762
1025,5
2172
114,79
1826
946
471
3968
13,49
1747
2114
1031
799
4474
656,42
349
7345
962
399,75
568,7
1354
461
1687
9930
4192
2021
2894
2143
809
124,11
1921
6475,7
6666
443
2443
935
4820
2027
1771
1892
835
33735
1387
427,4,140,26
1625
1870
96,39
96,41
1405
1648
10493,29
1324
1878
1593
77,51
3748
169,7
62,13
3127
362,317
7,323
7,386
7,3438
7,486
3455
1856,7
4312
5,168
5,1112
5,1681
6587
3456
3986
2800
4260
1095
6663
1289
311,14
2149,13
1341
3271
1986
1884
82,58
181,4,119
804
2079
2535,9
1131
442,10
1415
1109
1673
2470
965,75
16,202
7850
2274
2439,4175
1144
1576
34,57,10
1669
1751,797
1197
3959
303,14
13,70
613
2490
1232
2295
190,600
1047,10228
528,7
20622
2998
1880
2040
5888
2008
1953
1705,17,27,90
115,45
1042
593,7
4418
1340,19
2263
3113
2047
3650
3280
409,31
23,5,86
25,24
7201
4795
911
32,122
8,63
552,5
3031
2171
3264
1065
59,141
10,346,9
166,33
2240
5482
2944
2825
522,641
3890
2780
1426
5076
2808
1398,17,27,29
1859
1655
2954
1674
2090
10817
6776,654
4681
2044
730,17,27,29
2223
570
44,48,2264
44,48,2515
44,48,243,17,27,29
2512
74,28,10
54,56
61,21
99,17,27,29
439,7
2834
2728
3284
3517
4940
7,555
42,76
5,169
5,588
5,1424
5231
1002
2526
4010
1715
2128
1665
1473
3681
1430
235,12,5577
4439
2015
3188
7371
1142
694
12779
5256
6425
228
1756
15,69
9,110
9,143
1748
1591
45,95
353
1151
1508
156,24
1326
2309
9372
739
1770
3219
1710
1171
11,188,469
1098
11385
6337
457
56,117
5013
4366
5188
31,69
1654,7
1370
13,69
1955
2105
2736
1170,7
1351
1897
736
1230
3474
8686
15182
1564
2147
1380
1947
1055
6383
3433
1108
2671
2772
70,9,5
59,69
10,4,119
10,182
10,320
3287,270
1560
345,18
1259
1699
8241
32037,11572
2817
3801
8609
4586
85,17,27,29,45
3742
9964
38,524,5
5141,2235,8
2381,36009
2448,1678,957,5829
4944
807,140,8
3224
287,10
726
1704
1812
195
1125
44,48,243
44,48,2409
47,214
2410
624,5
19,42
2372
2661
549,50,45
77,79
3559,75
58,45
2498
2494
2892
2763,13
5915
1217
1124
3032
746
7,1137
7,1325
7,213,7
7,1032
7,1394
7,1100
3711
383,14
5,1445
14,65
3026
3359
1149
982,14
4909
2313
4395,17,27,90
2347
3691
2754
6590
4220
1522
1492
2640
1196
557
3987
2928
1189
2189
6244
1850
4513
7797
3770
249,1036
310
708,7
2356
675
135,9,5
1651
2979
2256
65,631
15,395
681
9,127
92,5575
930
2260
7654
1716
4481
4870
429,28
4760
2301
516
5738
15005
19561
483
1660
1212
3549
1679
2660
1911
3978
712
11,5,315,532
11,485
11,63
11,4402,9
11,830
8266
3599
1114,9
1903
1798
865
2181
2318
1972
1531
3526
4951
1026
4338
511,5
2190
3395
4905
2713
1057
776
2773
1393
159,7
2967
3030
9961
414
2702
847
2351
701
4372
1537
1449,14
1402
2037
30,41
9407
2421
874
3374
5072
2730
2025,75
32,145
1046
1390
3316
5814
2641,7
943
6124
59,49
10,486
1596
152,21
3837
1773
4640
5470
1163
10587
270,140,17,27,29
1793
3404
2293
4938
6758
1554
5772
38,218,75
5141,2235,18
796
10046
871
2235,637
10139
5469
3516
1456
2938
587
1754,3177
572,5
1783
41039,713
351,75
40,393
54,33,57
61,34
99,1102
2398
21,738
3434
341,11
2115
4072
1528
1416
1706
7,1807
4265
5,7846
5,499
5,909
5,1697
14,117
4952
2948
3254
1431
2504
1612
1565
1834,7
98,12,4155
2828
4736
2572,159
458
949
2823
2971,9,194
26,15
2178
10861
3594
2207
2405
3458
4997,7
11095
10369
3604
3436
2247
2905
4570
869
4136
1339
1987
81,49
1461
2665
15,63
15,307
904
9,5,470
6444
4678
5324
1546
2574
1900
18248
4379
2801
453,9,5
972
2425
6480
2217
546,13
1389
669,7
94,76
2743
16,182
3725
758
11,61,37
11,143
8910
114,52
1623
2581
141,37
123,8
34,117
34,416
1372
720,8232
4085
937
13,103
13,171
2061,15
822
2182
2002
676
190,55
4446
1493
2980
1597
3193
6943
1077
2299
1844
1412
4577
3828
1143,7
2273
13712
4786
4564,14
2026,14
1649
1022
1312
1200
1395,28
376,7
745
4840
1642
2437
1912,15
23,39
25,157
2025,17,27,90
11184
1948
2936
71,79
5055
899,7
10,266
10,621
3394
653,16
6871
20,1681,5809,254
3259,17763
3580
3646
1919
8350,1841
764,2659
8270
1909
10893
270,12,6930
3401
17763,17,27,29
2548
8239
12305
5359
494
15944,6782
2238
3052
3345
7902
10588
91,34
1600
3515
8889
807,140,34
641
719
1053
22252
7270
1444
2605
3687
8076,3049
204
4013
22,250
966
19,69
596,37
54,17,27,29
61,40
58,1128
983
3312
3953
52,214
938,75
21,1128
7696
1434
3951
1058
1828
7,800
7,4830
7,2268
7,277
51,214
5,1802
5,3157
5,1226
5,470,82
14,37,17,27,29
14,5829
31079
1296
1385
2556
3247
551,7
24688
14032
1035
3608
215,10
8260
2707
813
1240
2167
6246
3174
2345,9
1088
1122
4511
5159
544
1472
6704
1818
573,2510
1707
26,11,10
3826
2255
2703
5407
1330,7
3382
2806
2188
4883
1338
2075
8222
3784
15899
2591
25293
1524
1278,7
3286
1945
10618
6639
5798
50,190
4257
1273
15,779
4142
1926
1632
3949
7122
985
3423
1421
7319
3647
6674
2638
400,340
889,9
101,14
6105
4385
7818
2435
2648
684,25
2655
1964
24,28
3329
1386,9
3225
2557
1130
11,110
11,5,336
11,323,9
11,550
11,730
3169
16387
6317
790
2131
2818
1991
723
2864
3885
4157,1134
6908
5100
1435
6451
3241
2598
3520
1249
7169
148,39
148,41
1262
3301
1457
7096
1932
3780
2024
7631
1443
7194
3002
4814
2109
1607
1383
2883
21856
8082
451
1367
2243
812
2261
1519,13
1490
828
137,37
2168
3618,6240
25,79
2035
3811
32,182
2033
8,643
8,171
8,905
4374
2854
6023
4873
1271
2329
4826
3501
18568
6669,17,27,29
166,32
4890,1843
140,67
140,942
1813
345,17,27,29
20,2448
331,522
312,4,3217
1774
10318,1210
10788
270,140,18
5726
4041
3243
1993
6145
8496
20405
7052
815
610,6973
2101,15478
38,17,27,119,45
38,17,27,417
10294
6233,5112
3483
2315
3090
381,4040,139
6553,47
19984
211,4,347
38259
8049
22085
230
19788
7701
17441
1868
7959
10309,18
4512
3173
1936
41789
361,73,1225
262
4893
4431
199
112,620,8352
753
501
727
36,5488
41039,2264
41039,2387
41039,243
44,48,102
44,48,1213
44,48,970
3007
1138
2931
54,1006
99,38
3559,17,27,90
4876
4605
21,2288
3279,990
8245
3266
2333
4904
62,30
1907,9
10602
7940
5674
7,1183
7,8189
6593
1328,5
2053
209,82
89,58
5,793
5,1267
5,1218
14,24,21
14,143
1137,47
2384
8893
10791
2152
1800
2827
4425
3311
12676
10258
3582
6864
402,14
4118
3091
1233
707
2418
1768
8265
3068
1551
1487,14
775
690,9
1865
8736
4166
3500
5047
5135
1348,66
731
10881
3148
2468
2999
4362
1038
586
4392
7089
1164
1455
3544
1956
2302,8
7557
7547
6197
1761
3493
2718,7
81,39
97,87
3249
2500
15,110
15,638
15,622
1839
1661
11553
9,140,18
6925
632,573
2523
418,3365
4318
4521
8168
189,33,57
2943
1049
4320
2034
101,42
6901
4719
5226
24,1302
5294
11,5,375
11,5,2588,2461
11,663
11,2588,2461
11,502
913
8861
2006,25
1307
2303,929
4547
37,17,27,417
1147
2594
8928
2821
7249
2029
8023
31,145
13,63
1407
1056
2051
2609
2653
1905
2950
4529
2081
2230,99
358,881
1559
2587
3238
1737
4378
3803
3200
1923
10371
1365
4580
3013
4053
3366
1883
6408
1494
5783
5261
4847
4854
4252
1486
4631
9212
7013
3348
6556
2811
2212
6225
3673
3172
7200
2807
4747
1427
7724
6835
3428
2324
4705
1668
2138
2162
792
1803
6102
142,51,32
1451
1971
1877
674
577
1503,7
12082
23,41
23,70
25,171
3253
2092,7,28
1268,54
5670
143,97
41,253,7
1280,9
2876
3448
4988
942,17,27,29
6477
4504
6024
1760,9
2290
580
6546
5338
468,4422,1641
6802
140,6,8
152,16,45
252,17,27,241
20,394
20,5575
20,1566
20,1562,977,3162,7
9067
2141,6975
3453
264,21
39812
1863,9
4143,20950,5316
798,8
3176
5821,6511
9560
22152,28003
861
2306
509,9,5
9138
29165
15090
8127
4523,730
2276
4046
5672
2780,17,27,29
2875
85,67
8547
42981
91,17,27,29
91,26,14
2860
9909
2896
2184
1853
24530
622,1842
7481
12608,1409
953
925
1599
1384
2921
27796
211,12361,14076
3160
12513
6446
413,2795
1080
9542
1573
4019
4746,366
14348
5409
1221
24289
2618
12153
7574
4248
3943,491
733
1466
2266
379
36,627
41039,627
41039,1185
41039,2515
41039,3084
44,48,260
44,48,170,17,27,241
44,48,3084
44,48,19195
44,48,8275
44,48,1708
93,807,344,4,140,838,14345
107,793
107,536
3116
1364
5015
8020
390,17,27,29
390,8
1924
1104,23002
77,24,606,7
3046
2814
3996
3203
6679
923
2966
18734
13461
2737
10409
9327
13573
3700
2330
15096
2484
1805,7
7691,6776,654
2904
6839
1139
2842
7,668
3405,7
5629
42,65
89,18
5,3968
14,630,17,27,90
5889
1110,9
5551
7501
2755
892
3306
3860
5025
1359
2402
9577
1514
5385
2952
7421
592,2427
14767
2662
3250
2380
765
8777
6649
2749
1852
3645
1331
2639
1782
4005
4066
4991
1835
671
6827
6985
6749
8201
17680
2442
5124
10383
4498
7220
4227
638,9
5281
5701
5426
11012
3970
1195,87
9624
3282
1895
5128
2229
10947
3364
7715
3720
5395
931
1759,12,7565
2621
8786
3302
16144
8676
249,26
249,20509
2325
1028
2532
82,19
3207
2746
1989
14497
1735
4340
1633
1980
15,378
5995
4756
1581,14
3285
5907
1117
2139
1226,17,27,29
12754
9694
418,645
12568
2536
839,14
3099
2085
12998
2862,1094,11,2297
795
5909
4161
3147
3104
3829
5430
1532
6627
26416
8252
5292
13222
5533,19
7477
2888
773
14715
1736
11,209
11,754
11,1854
505,7
4744
1050,7492
11928
3022
1609
37,17,27,890
6132
2282,17,27,90
7533
4507
4443
3233
1816
1188
31,49
303,10
9885
13,55,335
5450
5681
2524
3300
2870
1730
1150,8
444,55
13455
11509
5486
2984
1246
5700
5111
2254
3722
4296
148,69
4855
6717
11783
5117
1418
2982,28926
27820
25425,8988
9263
2228
222,47
2187
14901
8429
9072
7448
6915
16978
14553
7368
4593
4501
6075
13908
31295
16751
9177
5475
1355
5585
5590
1511
6100
3665
1379
3034
567,7
3195
6981
6239
4986
8348
408,58
2992
1539
3220
6146
5417
3735
4685
2584
9491
53,45
3187
2406
2900
2786
2576
2799
4627
4953
26906
21099
4137
5812
142,37,17,27,29
827
1928
13463
23,49
23,5,8828,8301,18413
4990
6559
8057
25,1010,25
2237
7594
2219
1548
5890
9664
6992
8,39,1141
11537
2701
8601
2349,9
7513
2486
4037
854,2603
623,1771
653,47,23126,109
580,11985
6669,18
13395,4672,623
2298,852
10487
2477
3791
20,1985
20,320
20,78
8115,3590
7765,607
13788
6470,9432
3672
6358
13676
4665
13944
16651,5482
6682
5143
15121
6259
8058
3879
2201
1944
4316
374,7767
3128
4020
2042
779,132,6,193
779,379,6,336
1700
1442
369,1961
440,65
5857
6169
5843
901,87
3404,17,27,29
8703
1483,6913
5768
1896
6313
6253,12,1558
928
2094
4645
3642
12972
5905
10716
5583
26614,6902
7343
9203
603,18857,4842
96,42
15467
3861
2499
13274
2392
5141,17,27,29
91,18
4127
6409
1628,1352
21900
24250
2610,7068,179
2610
2381,13632,5096
1655,305
272,3707,2596
3130
1470
6969
30491
1005
8230
4594,2794,352
14560,1821
1448
1599,17,27,90
4545
2503,607
1681,491
5815
6624
7555,241,5079
5415
8718,12542
2235,2475
13067
5280
25334,2601
1568
3098
5331
1505
10573
8323
7835
1664
2467
6142
1704,12,4310
5828
1191
2766,268
843
2993
389
973,6,193
564
706,722
777
508
36,368
41039,1779
41039,970
41039,2847
