5
7
9
11
8
10
112
26
20
128,29
15
13
321
21
14
16
23
19
135
9,5
479,20
11,5
30
31
58
28
25
34
50
24
40
37
33
41
39
56
45
32
15,5
54
63
153
2156,26
67
74
2156,50
62
57
80
71
59
51
53
121,4,104
42
49
87
13,5
55
76
61
94
38
11,10
82
83
78
96
138
3205
7,28
65
332
91
97
188
107
69
302
2156,61
92
159
325
85
117
194
14,5
186
249
503
55,87
23,5
30,5
2156,54
88
4417,5946
81
2156,37
77
52
2156,53
2350
115
294
40,28
273
307
188,469
103
315
174
128,90
129
64
327
31,5
136
130
228
427
1458
19,5
332,2156,50
458
86
1446
187
79
5,78
66
166
421
125
647
3516
137
296
303
461
70
3345
470
1064
123
445
752
89
147
168
479,96
848
106
158
431
452
394
144
167
340
217
145
5,138
142
479,83
266
33,57
222
132
150
34,57
333
1565
403
297
382
149
353
270
389
156
5,315,532
26,24
114
148
143
171
13,10
227
502
2156,37,26
215
135,9
25,10
224
220
413
292
674
26,37
95
252
22,133
122
184
3709
744
2156,217
451
1981
1129
423
1128
185
200
419
222,45
446
479,91
99
84
1103
23,10
355
152
285
962
593
223
656
19,10
377
56,57
183
834
1340
1200
395
161
703
228,715
24,21
1965
109
837
189
120
237
1658
4614
98
15,10
277
1454
479,85
604
31,10
265
792
1912
2156,309,7
202
160
210
488
568
585
323
558
373
908
663
5241
997
454
708
831
146
685
360
1247
10,445
374
550
365
390
197
484
586
583
37,21
198
392
232
16,10
564
396
88,5
253
536
497
291
388
1789
346
320
577
896
696
3205,10,458
71,5
641
2156,427
341
467
584
65,9
453
314
803
432
258
8,97
4999
2156,147
239
280
47
551
376
610
587
316
74,28
62,7
172
632
101
94,186
1367
10,76
4078,9
26,14
1390
1112
494
155
3363
5,121,4,104
563
529
628
1668
553
566
264
692
2398
206
5,194
411
903
135,7
375
823
662
94,76
773
474
6039
157
14,37
731
81,5
1036
349
124
345
331
549
299
7,33
785
181,4,119
643
335
1019
343
603
824
204
727
479,125
304
5,276
708,7
675
582
363
538
11,41
1576
1107
736
1881
30,10
1913
1231
173
351
209
652
1981,7
1340,19
443
772
384
479,166
21,62
182
3517
371
544
1679
547
284
1283
1262
942
504
2156,62
169
15,273
346,9
766
11,10,445
164
1031
408
23,513
1218
496
2107
379
1500
602
15,302
781
9,63
539
115,28
369
830
572
2156,150
624
688
746
362
5,403
810
233
15,307
1226
153,11
301
141
434
522
4796
1680
629
9,39
393
418
1030
722
576
668
2319
1404
283
378
318
11510
1051
678
503,26
203
313
442
540
11,3345
847
639
1806,38805
1659
832
1463
2745
1138
439
236
450
573
1162
1748
1900
1320
457
1087
416
1238
1655
287
3788
601
22,894
14,24
4888
912
2257
476
317
127
531
919
37,56
519
414
701
1921
136,5
2897
1596
1016
6869
1292
2448
1148
412
262
44,27,579
107,11,1789
21,45
26,479,20
66,9
216
1130
1098
613
358
409
1507
988
290
654
195
201
775
714
15,294
1788
872
533
2006
478
3491
1882
3205,2156,50
2175
827
764
3742
91,26
886
1089
4482
693
5,200
103,9
422
694
609
1595
233,9
1546
930
665
24,16
16,45
712
11,39
1170
880
29315
2094
820
215,25
980
490
1024
1440
3969
2470
94,353
489
244
164,7
617
444
190
148,5
818
208,22210
3067
7780
1234
925
501
21,159
350
892
707
518
949
976
829
1028
751
517
153,2156,50
795
213
492
1321
1837
1022
464
2243
420
121,4,487
20,138
15826
91,21
231
2357
753
22,1121
77,5
58,45
1139
5,461
979
2255
235
800
638
485
135,31
2740
15,296
2309
684
3219
471
720
776
3333
2008
1474
679
555
67,26
719
436
361
634
1224
667,7
721
87,10
3582
1122
1484
1633
11,188,469
259
481
507
2419
512
137,5
1288
623
852
270,3516
7929
509
1309
286
1080
125,5
1444
545
2156,584
40,45
80,107
7,146
5,92
165
881
278
2069
1027
904
1117
2429
24,128,29
1167
2316
11256
1134
1370
218,128,90
535
745
325,11
1382
71,10
814
2240
391
1018
644
85,128,29
2392
1600
796
1574
1868
4035
843
973
514
900
1381,7
7,185
42,186
5,266
5,144
5,168
5,470
3878
311
26,51
1963
308
985
251
680
11,5,315,532
1249
3257
1880
916
3034
1118,19
1540
1402
812
486
935
10,92
2010
9558
660
706
883
733
6193
1589,2107
479,252
479,280
479,374
21,303
5,382
969
192
1091
15,5,4417,5946
989
884
2672
24,40
1611
13,5,78
2190
920
1229
934
2020
2033
552
456
1858
1206
14627
1700
1557
1191
2156,65
1060
498
149,5
5,129
5,1226,128,29
806
1985
1082
1203
738
682
1348
342
332,7
621
3670
162
1109
24,74
758
11,49
750
851
455
364,12,6380
575
637
1519
809
357
1099
25,157,25
899
1184
1429
957
3345,128,29
3483
1005
1544
1791
508
447
1072
2918
174,5
7,109
51,32
5,371
4089
3986
3235
1233
924
5157
557
1189
850
2697
65,9,5
433
889
669
3725
1165
11,5,375
1609
1093
511
1007
528
2199
1602
595
1042
834,1031
275
580
589
1863
1738
779
1287,1422
1470
1261
902
2505
6708
2156,26,37
1416
7,593,23
51,58
14,52
187,5
774
1865
864
1850
425
477
672
981
2427
1710
1160
56,10
2181
367
2081
799
866
626
1462
3828
2352
1312
64,28
590
6494
2124,837
1773
2030
1201
1853
4749,5019
128,29,558
58,848
21,1128
1419
191
3447
1338
936
801
537
1414
9,106
1085
4403
917
739
963
11,830
723
1147
56,117
1816
1391
1654
2196
1355
142,9
3446
2975
8,39
1066
10,4,119
10,249
735,446
20,92
993
30472
1083
440
85,21
635
11371
1562,977
1936
2248
1132
971
479,152
479,264
479,497
74,33
983
1434
7,63
1583
5,232,128,29
5,1112
1400
982
554
327,1064
1304
1392
26,79
903,9
940
559
15,39
1161
429
189,33
933
1351
709
2226
1276
2111
2365
716,15
1781
2237
1238,9
2298,852
20,80
1259
1919
8274
85,16
38,206
1674
1324
178
974
2156,52
648
150,5
3072
1802
2330
7,1744
5,97
5,4614
3044
4952
3012
4260
1815
813
103,9,5
7185
197,28
765
690
3659
2017
1278
310
4427
681
9,167
240
1131
400
483
1660
762
1572
13,41
3352
2208
2339
1202
2296
749
2360
3653
2143
874
5778
798
1172
1489,692
3067,824
38,128,119
871
3516,26
404
479,4078,9
479,572
2156,519
74,45
770
825
1732
3032
7,120
3711
5,346,9
5,665
2658
650
1473
2971
26,24,21
810,9
1179
1286
1455
793
747
583,5
839
3021
1207
1709
4262
915
11,5,78
2439
1307
300
205
3077
13,5,78,86
689
4139
2320
2113
1727
630,128,90
1143
1103,9
1427
19918
2846
2868
1507,7
6951
3890
928
42587
826
12603
1281
1053
2278
479,1596
2156,61,16
2156,144
22,243
58,67
21,67
1217
174,10
7,489
51,33
1002
521
1992
386
3091
1818
334
26,273
1078
1835
1767
3286
1323
1199
9,42
1530
55,87,10
1049
410
1315
24,56
1025
3475
3526
473,45
2757
3094
1494
2998
1687
1465
1537
1449
3205,7
1055
1984
1453
8,80
3054
2163
2920
6109
3661
1327
479,287
479,22,133
54,58
21,1340
6793
2626,394
1933
80,360
1235
5,194,128,29
5,1218
5,446
2326
1901
4221
651
2142
647,9
26,39
659
986
1904
5319
2798
645
1926
956
5118
2450
1181
11,644
505
1144
34,67
1420
937
1032
528,7
1443
535,7
2267
7796
4747
3551
2900
2311
1059
2080
3525
1760
1065
10,752
166,128,241
1813
152,16
8058
1387
3404
5076
33817
38,524
5669
3004
2235
1585
1105
112,4,176
2156,54,21
22,1708
22,250
4562
7,213
14,848
1431
670
1240
2829
1852
1665
1492
1430
3883
671
269
1433
819
82,11
1735
2513
9,5,232
1591
3486
782
1074
94,363
16,122
16,67
11,502
790
1317
1102
1950
2524
2415
1575
2988
2104
4039
1354
797
2964
1274
7334
373,5
12243
1642
566,5
2455
899,7
10,186
616
1012
1820
2155
5045
901,87
3709,128,29
6562
2898
1870
1603
1515
13678
2169
4545
4635
944
3356
1563
870
2631
479,832
2156,98
875
5424
21,551,7
1706
561
7,694
383
5,285
5,604
5,333
5,183
5,1087
14,51
3457
780
1088
7893
526
2343
1094
3814
13282
2639
1707
224,51
1196
2634
2442
7369
1939
1081
220,186
1145
3397
1044
1647
614
546
697
2301
905
2074
3940
24,34
16,41
1425
11,392
11,5155
114,51
2213,9
1123
1432
1550
465
4606
1150
729
148,10
2593
1361
4354
343,9
1886
4007
4840
2047
2035
32,45
32,145
932
2876
460
1697
5195
943
1940
520
12701,19724
1560
1513
4998,673
2825
221
2250
91,67
3848
3339
3125
824,11
6686
3317
726
5773
479,427
479,91,26
2156,1118,19
2156,2357
128,548
1006
54,34
454,5
80,688
2416
2676
7,582
167,54
5,169
5,792
14,34
1296
7263
1834
1408
2952
2572,159
2099
2754
878
2227
10655
1164
3302
737
1406
804
15,378
9,70
5063
2523
1410
153,327
948
2997
1052
2086
1389
1467
1682
1964
867
88,10
11,772
11,1005
11,6708
1003
1658,10
1923
1683
4768
5392
399,128,90
4957
3162,7,42
3348
2123
567
606
6049
699
2026
2366
911
8,65
1937
2936
2132
1100
59,10
6428
370
4732
2873
2246
345,32
2083
2211
2431
1624
4041
5002
1525
188,469,412
24549
289
6099
230
3516,942
1785
1378
788
1918,1001,6182
1578
1814
3490
112,153
39058,20
479,286
479,1868
2156,217,5
2156,962
2156,1712
3612
19,39
339
58,62
1155
7,283
1583,9
5,1154
5,568
1110
2384
5298
215,10
527
2504
1010
327,9
4071
1051,7
1331
2441
4211
161,5
26,925
1458,7
1551
2752
2189
1272
2052
2270
6126
2704
1041
2225
66,5
2979
15,903,9
15,395
9,84
9,143
2924
356
540,87
3425
9645
3488
1171
34,45
6401
1255
2307
499
1914
2358
882
1232
2210
1457
4638
2110
3193
1077
263
1676
6129
11451
1040
325,13
2922
7102
3537
70,5
3319
2641
6846
441,7
10,1565,13
6123
1771
2177
2667
20,470
6192
2064,19903
28797
3232,2611,22253
4985
1944
3346
8999
5517
2488
5050
1502
15968
1568
3620
112,4,245
479,1773
479,318
111,340,111,82
2156,1060
2156,600
128,29,647
107,536
1979,128,90
966
40,185
2661
54,56
77,51
58,1128
4114
21,41
770,7
1734
923
3018
1346
2484
174,1865
7,912
7,1323
7,2268
7,3094
802
5,4796
5,866
3685
1067
1743
2732
6143
2526
1413
1289
1300
3627
327,1458
327,1367
1363
3640
3645
794
921
7692
2304
898
1888
588
5327
1956
135,23
1987
3737
4340
15,502
1269
15372
1048
3307,7
516
4385
633
743
6422
1130,30
1477
946
69,985
4163
2490
1107,9
1897
109,45
2991
435
1861
5217
4418
1539
1726
1200,9
907
6181,1668
25,37
3811,14
3873
6333
1013
1857
2244
355,14
1316
3213
10,872,9
2880
987
3453
5348
264,21
7161
270,1655
5524
491
2293
344
38,33
4572
6743,858,11108
6450
1505
2995
3045
1776
1501
2049
497,513
1257
2223
1754
6791
3337
5594
3330
1878
132,6,151
112,6,151
2156,54,16
2156,2429
2156,959
2156,3709
22,10980
6955
40,120
439,7
52,128,241
2449
1139,9
7,192
7,517
7,244
89,58
5,299
5,775
5,563
5,2318
5,934
8147
3244
3456
1787
2506
2077
1068
3919
4220
161,37
1487
4329
2149
431,14
3179,7
8829
2075
2791
1038
1228
3544
1313
249,8
5518
82,54
3081
1374
2740,5
1756
1357
683
15,63
2139
5807
189,28
2458
2687
2743
684,25
63,1609
773,1162
9731,7
2557
11,419
114,5
5868
2200
33,45
1311
31,63
13,258
3539
822
3950
2419,10
655
2785
941
1305
608
1418
5813
1254
2781
2390
2656
855
1846
768
2811
2748
1498
3674
3172
8233
1947
1353
2138
10183
3738
6102
32010
380
227,5
1786
4852
23,39
25,51
25,41
7688,461
1220
2346
1046
2171
3095
1604
2027
6494,1082
166,32
20,446
5092,13638
3646
7211,1290,3144
764,3402
1752
978
1442
1993
6507
2597
2826
3351
3108
2376
3882
1628
1621
3090
2475
3177
7219
6139
18449,1478
641,9
5708
3710
2090
2745,1292
2938
3053
1783
231,4,406
2929
3492
2993
112,4,401
479,993
479,660
2156,50,321,4,134,135
22,1213
664
2136
54,33
549,5
21,1340,19
174,1201
7,464
130,377
631
51,56
14,32
2087,7
2130
1997
999
2820
9716
98,444
2735
7722
5453
10228
3981
200,12,4409
1310
26,63
26,37,74
26,294
3667
5301
6985
3441
4561
4625
3114
18228
6001
2600
3188
2591
2570
695
3436
1153
15843
5283
3464
14334
1339
233,9,5
66,9,5
503,224
2756
3377
531,28
2511
3158
153,82
5496
4532
817
3912
3147
1673
16,421,7,28
16,577
6375
17277
11,494
11,6193
913
3169
6874
1050
722,9
1188
1435
760
31,896
303,14
1056
2182
2598
1057
3278
11004
4016
3780
2252
1135
8357
3469
5642
1663
2212
4660
5936
4025
1695
1252
2353
1490
1424
1925
4887
2168
1542
1520
6386
2092
8,55,87
2066
1157
3448,23
5578
6419
10,251
10,367
10,138
121,4,104,4,3517
121,4,104,4,1384,3052
294,128,29
1699
208,2889
1909
1643
2135
392,112
4788
226,4345,33731
1133
2627
1405
20258,42807
13064
6765
2493
2108
2448,3525
7393
953
381,6018
6076
1821
1231,2483
1221
1510
4430
204,4,401
2843
8008
39058,22,133
479,20,92
479,178
2156,394,9,5
2156,258
2156,6039
128,29,3969
128,579
22,170
2350,7
351,5
351,128,90
1298
2834
3074
7952,9
6041
15067
7225
1703
3944
7,972
7,989
149,10
5,936
5,986
5,632
5,1160
7377
1239
10260
2528
4711
4492
16268
3294
1522
929
3152
4915
2288
3946
4099
2188
1219
3282
20501,1668
1152
2127
2325
3775
6736
22631
2164
1461
2665
1633,467
117,1181
3949
1375
1716
1579
1797
2474
4389
1618
63,78
16,1340,19
16,145
963,11,5
2172
11,550
4815
1991
69,1623
3475,30
5619
4159
3233
1175
213,7
177
1441
8207
7620
2566
2277
1730
3154
619
1905
2778
2327
3003
3325
4585
2867
3558
4042
4024
3854
430
1597
2996
4538
4847
1412
1953
891
1388
6100
9930
4559
2121
4069
704
1367,159
1367,23
2286
6638
3406
2324
2584
1395
2261
1146
15731
909
3113
1451
7388
1912,15
553,7
25,24
2219
2502
8,130
8,172
8,277
1966
1076,12,28448
1076
2887
5983
3316
6978
10,1233
10,200
10,638
10,320
6830
13387
305
47093
20,2534,13,13612,1753
4616
35109
11625
4611
522,1231
9238
374,302
2817
6728
5455
1625
1190
7052
3110
344,100
18289
3028
2503
3590
2815
16103,12,16791
4433
7701
5811,2089
4323,23761,24392
2059
726,16023
3263,359,255
35440
15297
7383
4981
195,135
3550
1718
4013
132,4,245
132,4,246
479,85,21
479,85,128,29
480,10
2156,358
36,295,219,1090
1617
19,103
19,41
5897
3924
1183
8383
236,7,28
3434
1983
3149
2966
5755,731
11941
2937
1349
7,3598
371,12,4409
89,21,117
5751
5,2450
5,313
5889
4776
5231
165,7
3606
2707
3521
2294
1149
2194
1994
3686
951
1622
9272
2551
1062
3357
1079
3547
2207
3190
2405
1325
8822
5304
3472
5644
4392
7089
2633
2902
702
3164,332
2221
4095
3249
5798
4257
129,28
3027
2395
4298
728
429,28
1266
3647
2232
3616
156,577
1804
669,30
10622
2946
16,202
3329
1025,5
1736
4658
11,628
5176
12399
239,12,8619
1903
4351
543
56,41
1197
2310
556
13,49
13,63
4871
6773
1658,3235
3111
2950
14958
676
2319,14
615
5175
1169
12428
1262,1042
3185
7664
4463
2623
5624
1248
4096
3419
9742
2883
1379
10624
2198
283,31
3673
3782
1303
2037
4705
1765
30,41
1119
3187
2406
2799
10740
1796
2046
1453,332,7
4968
25,171,25
2237,5321
1268
3122
8,52
8,79
5185
2949
4579
942,503
1713
3501
3903
653
121,4,104,4,7813,837,9,13248
5308
252,58
20,346,9
3777
2809
7732
4336
4662
2005
1960,1906,763
248,8014,12706
7733,4019
5380
5833
248,3146,687
248
1806
3769,7387
861
384,128,9814
9291
1483
14635
3129
2708
5011
2529,5766
5078,6342
15376,3938
5862
1587
9153
3410
2385
32572
1436
2101
3522
5722
15105
1849
7837
3652,8,8006,4237
3619
1648
2271,2839
11889
4920
3163
5925
3516,128,29
3332
3224
788,9
163,3644
2224
13337
17296
4832,389
2491
3503
7528
112,1589,132
479,20,80
479,635
479,1936
2156,1271
2156,1105
128,29,388
128,29,1921
128,890
74,582
74,120
1364
1924
2372
40,694
40,33
12584
5859
596
77,79
2408
4605
21,4638
14306,2368,505
6165
7035
21911
341,5
14817
80,12,180
1004
12291
1058
22314,9
9681
7,323
7,1709
7,253
5629
3711,7
5,586
5,284
5,247,128,29
1385
7475
4548
323,9
8291
3651
16965
3579
38757
5204
6116
2952,7
31985
4603
2635
13743
2018
969,14
278,62
10593
4522
647,58
4908
1835,7
1263
5728
1552
2703
5034
5372
4844
3438
4166
6825
4173
14771
1335
5249
2229
3271
6397
1976
4800
2790
4632
4513
394,128,29
2697,9
618
2129
1986
4343
4407,2181,7
2195
2738
3207
1595,1122
2567
1831
3839
5990
15,674
15,587
160,5
24409
9489
4836
782,7,28
5501
5021
4196
657
1415
2034
2541
18146
672,187
2648
1212
24,630,128,90
16,447,19
16,1687
773,731
1911
1746
8711
2222
3150
9458
11,5,382
11,719
2782
2447
4175
1826
750,9
865
8463
26457
3065
964
13638,29
7390
13,1246
3041
8294
5834
8892
3064
4491
16174
3214
2919
12556
4682
6305
1737
4000
2736
9897
1874
1393
14863,9663
13809
2187
1602,5
4593
2438
8090
3781
4854
5009
1230
3474
4778
3096
5558
1701
2899
3396
6411
6336
1537,388
2789
2031
1714
778
9781
2844
3205,228,458
3205,23
3551,1028
3735
2927
2894
376,7
376,11
30,5,253,9,5
7685
3413
11407
2263
3595
3554
137,10
2003
2922,5
23,5,86
23,41
25,584
3528
3234
32,202
143,97
1948
2443
4659
5800
8,411
8,249
8,144
8,190
1076,12,25697
71,145
8561
4988
2093
888
3857
3264
11756
59,80
10,1565,13,5
10,1122
468,9504,1075
11895,8
6586
4466
598
20,382
4527
12024,2989,154,11823
5974
2657
5149
3296,257,5959,118
5721
11143
9236
3417
6682
3497
22433
3499
20384
8192
384,128,12017
369,470
10910,10544
2000
6109,128,29
3920
6963
2803
2561
4604
1896
6633,1120
6488
256
9369
7343
16680
2722
3465
1016,4414
6869,128,29
26297
3268
3600,12451
5980
1840
35452,397
7914
272
2063
3531
4934
4090
2344
3875
1599
1384,2745
4269
6599
7518
211
12513
12261
4415
2412
3576,13212,2636
7568
6722
1585,2235
28141,10774
4305
5038
3102
1817
9411
27563
12929,179,31462
3452
4110
7227
10742
5595
195,6,151
4059
3557
155,2586
4525
379,4,406
365,212
158,6,151
112,4,246
479,616
479,2246
479,440
479,49434,22,133
111,8
2156,54,34
2156,350
2156,949
2156,26,37,21
22,100
22,2409
110
10976
1982
5789
33021
19,63
99,1102
58,1340,19
3203
2445,13
17153
5695
8245
569
1124
30910
3142
4411
1732,9,5
9937
4752
9040
3284
1907
80,97
80,360,71
1224,11
5831
7,304
7,3058
1856,7
5804
14,335
4667
6066
4233
3165
3254
2556
3656
20728
602,10
13085
7967
3649
1294
388,7509
2402
2305
1158
6663
4010
2686
4909
14622
98,12,4155
3581
3625
4793
5742
8104
1373
5942
2823
1293
3202
7401
224,51,33
2637
6279,8,1837,23153,1258,9
7408
2391
2519,7
6490
3458
6774
3115
3382
2174
4227
4609
5131
1166
2669
1895
2677,19112,6158
4650
8592
8653
3246
6244
4426
7069
6196
9545
9243
4568
1524
6221
4116
1028,1519
135,628
4931
3186
2718
4408
1784
2932,319
2203
945
1273
804,930
15,49
15,5,3742
4088
1839
1661
2555
9,470
5948
1581,14
10935
3757
2574
7628,1391
3136
4093
29489,463,3009
6150
4320
6480
3033
8134
2435
981,5
483,7
8986
94,76,128,29
2514
20480
12588
2878
1495
4941
3219,5
13192
10813
5923
2112
11,5,1112
11,103
11,3301
11,3004
11,8548
5713
2274
114,52
141,171
2131
1482
16195,28785
33,1419
2282,128,90
34,187
5516
8928
2821
5100
5660
7365
2364,9
2423
4620
13,167
6065
2051
2870
1955
15169
1064,7
7658
2433
2122
2644
6731
4924,7
4068
2230
2140
515
4949
3803
5140
4785
2773
4053
148,39
1428
4464
2332
3373
2967
2249
222,45,1320
1077,13
4176
5125
11703
7344
6050
2913
22369
6866
9164
3749
5744
7932
4496
15625
6225
8501
2563
4564
6239
4689
5717
3206
33446
2100
9145
756
4859
2162
2501
7944
6870,24875,8
2047,7,28
5812
1971
4241
4487
12619
32,55
2033,30
9826
33561,19473
5291
8,237
8,379
8322
67,16
8537
10843
5180
6833
355,7
4504
8337
6030
2349
2134
10,457
1577,4982
11662
623,1771,3082
3394
5490
3060,118,25675
6980
1216
3719
9034
7597
11486,837
2206
312
7963
2944
6366
407
1259,1399
835,9
7759
8801
7395
7781
3029
6508
10967
4720
221,24858
6224
5791
9246
1541
32731,6870,24875
440,4,132
10591
9059
5703
6036
3409,1250
26110,281
2043
8713
9082
5337
2238
3532
2875
9490
344,4,495,4,7020
7847
11510,128,29
38,128,417
7126
5218
2499
3523
2193,16352
1934
16251,2582
26768
9754
6924
3740
4587
5323
4967,661
12511
4869
9745
807
14404
3560
5879
6520
1148,2330
41001,3398
7801,11725
1111
33360,1506,33988
1961
6107
10500
1664
3047
2467
13117,853
4810
3173
3687
6503
3131
12342
4832,20
5663
262,4,176
5549
231,4,134
3135
3675
155,4,245
7969
9095
7571
10529
5962
15900
727,6,151
321,4,246
479,520
479,2873
479,2667
2156,54,351
2156,5356
128,29,2470
76,12,6643
3915
396,4852
19,49
1086
77,49
2814
2398,9,2862,8181
3953
2892
997,6601
15661
2236
8077
14180
9048
2939
3867
4983
1224,62
23991
16361
6839
7591
2281
4940
3422
3859
7,1477
7,12414
7,908
7,601
17590
5608
89,128,29
5,1416
5,8260
5,1289
5,1049,20727,13
5,1030
5,1609
5,701,9
14,848,23,513
8059
25686
9808
5232
3986,9
4217
10401
1800
10551
28130,20380
4813
3218
3992
1359
10507
29632
5826
3462
2167
4707
402
3793
18833
25494
19444
2958
881,2593
5912
3814,13827,17960,14115
3821
12712
5685
15115,13017
41291
2418
6062
4005
7931
3826
2178
3429
13173
2886
1915
3372
3594
5010
6636
23312
1291
2624
14138
7979
1195
10369
2119
5666
3148
2468
4898
3364
3020
931
9638
2654,1269
13174
1256
6425
6016
2452
3716
2302
2704,50,10877
2540
816
472,8
1884
2125
11593
2166
5151
3164,477
1987,12609
1987,15214
2746
19755
18809
4195
28103
17937
8507
66,13
7168
15,5,1255
15,5,882
7763
4142
9,2183
9,2427
4146
766,7
1569
22834
2260
377,536
1151
4281
5688
2535,9
153,6745
3731
2801
3099
189,33,57
914
13918
24747
6644
7107
156,285
6271
6917
251,12,1279
3237
3104
3000
533,7,28
672,9
3315
13154
6348
761
12855
95,277
9755
1962
8067
4036
6530
15569
5294
7850
3225
26974,1070
2680
4877
11,5,720
11,1508
11,41,1194
11,10,1901
11,2769
18418
6264
3156
26445
1034
7809
2317
9758
39,3969,553
39,2138
5487
7324
15234
2016
3885
2220
33,2343,2156,13176,6254
4798
2594
1369
56,10840
56,57,1128
8290
2272,1644
18379
1637
562,10
24576,10639
14819
4366
6172
5705
14313
7900
4899,16378
1654,5
13,484
13,3709
8589
292,12,180
292,498
28113
8746,8831,1949
2879
3386
2157
4606,9
1769
2114
2295
5376
6986
13008
3827
2984
4939
9390
10079
13009
960
1061
9750
39913
5242
8896
8610
4675
5567
364,12,34554
2479
10208
11967
1202,13
12333
14050
7368
1724
1126
744,3236
8503
1880,8
1486
1361,1886
2109
4577
11288
4601
4875
8216,7
3665
2632
1822
4358
9116
1450
2771
1564
3653,8
2382
1380
8053
13615,2416
6237
3220
9920
2471
1677
3591
9491
2205
5892
3291,7
7515
6999,9
6084,9,5
2786
2233
3504
2421
9013
828
4806
1795
1959
3374
142,52
8073
11824,30326
7531
5692
3454
1928
409,31,5
1877
2437
35790,22191,352,1099,5759
23,739
21904
23910
11904
5894
3701
7594
5848
3253
4100
5890
585,10
8,554
8,613
8,776
8,1600,128,29,9036,1000,1965
41,10671
41,1946
5353
6499
2863
818,1819
3766
18212,128,90
7119
71,24
71,3022
7156
7640
2641,7
6819
3566
5055,14
3668
1065,5
10009
10,3018
10,949
10,477
10,11354
10,1576
4637
2041
6742
30065
623,14721
17249
6098
6123,7,4470,12479,119,6761
10378
6092,12,13012
21741
3060,15369
18683,5809
2477
2668
37177,3961
4171
20,29830,7161,30445
4527,594
3085
3296,3388
331,641
37929,4950,225
12491
7874
3930
7918
26576
12417
772,8
208,14414,13017
1863,9,331
1960
2575,18692
1774
2930
5470
21503
32037,11572
5143
9432
11161
10805,34,3776,171,107
10997
1869
16237
3378
6220
15148
6481
14627,128,29
2117
384,128,21489
234,7067,890
369,1101
9767
3658
9221
5027
19815,204,4,288
5512
13330
6227
2947
7426
2276
4508
5908
2529,225,25592
5697
6338
9225
229,18375
1801
502,389
9786
1429,128,29
11239
957,4994,2614
19544
5051
1603,128,29
666
3861,3941
9777,2010
3049
16251,8211,12,31331,1120
15737
11547
1631,102
4275
1859
1740
13220,1775
11035,9,550
3125,692
15784
2954
6982
6133,763,254
2344,417,6598
8451
6899
7925,620
10670
2921
2285
1557,1939
5708,3457
27245
413,2795
4556,9607
1260
26108
2565,6137
5469
5331
8948
3480
6141
5637,4245
14521,1120,906
1776,15453
10414
7093,763
22553,128,29
3389
4653,26357
26560,19987
8352
1704
3536
8176
5913
231,4,406,135
231,12,246
4772
4268
204,4,245
204,4,306
2908
2266
1878,6,151
132,4,466
132,4,406
132,4,306
132,4,134
9633
10206
504,12,2151
3982
8325
19446
112,4,466
112,6,1497
112,6,1866
321,4,245
2156,190
2156,716,15,5,665
2156,11510
36,121,4,104
128,29,284
68,155
22,713
22,1711
22,2515
