8
9
5
11
7
19
10
58
21
1484
13
20
333
2156,8
50
11,5
15
892
23
1416
9,5
30
16
71
4839,8
25
132
45
14
28
1500
41
36861
1134
1484,19
31
227
1118
83
6530
42
1233
112
96
377
797
155
3625
1683
87
5154
26231
117
148
598
3038
18043
107
2270
32
181
166
7762
7,5
56
2400
634
746
53
1389
12661
36,295
152
1266
1683,9
1118,19
19,10
13,5
9352
54
688
1407,12,658
1130
258
40
86
49
731
2249
316
3597
390
304
4258
3038,9
360
70
4839,2156,8
80
55
1022
1046
231
11,10
3059,19
4839,50
61
4411
5804
810
15,5
1925
67
1954
5298
189
4839,58
9550
33
5043
22081
2156,53
795
1169
222,45
797,333
575
341
5,892
3012
2906
3186
81
2199
11852
36,221
1484,58
7967
775
723
474
21755
158
1122
1318
4359
301
414
2408
1471
829
11,1484,19
430
408
204
549
5,1683,9
1162
1164
675
15423
349
1230
1022,11
464
1668
3124
12661,1061
20,2270
195
431
9,1484
6373
540
2375
1966
2156,50
4391
1078
9624,1720
17844
1165
26071
227,5
4878
1325
2166
34
809
566
3032
1750
65
115
5530,7
1940
36,181
186
1058
969
1263
618,23655
12751
5550
1118,7
64
25606,221
2156,221
4839,13
52
7,28
167
5,3038,9
1296
3218
346
712
2388
3325
706
624
40,28
77
209
1797
672
16,10
3855
1477
148,5
7642
137
2156,61
2782
333,8
12234
13827
152,892
83,746,9
389
36,6164,7606,19104
2526
36861,7
24971
2245
183
304,9
1318,9,301
586
97
15812
1052
511
419
13428
2964
3362
440
826
396
7,1325
2806
2988
8065
57
497
36,132
21,45
21,10
3032,19
3189
2756
5251
24
88
15985
237
9013
20070
2156,181
157
21,3625
467
11226
3744
1374
614
2433
2771
1216
564
379
3266
2194
38994
29051
11651
346,9
144
1965
184
239
31,5
1274
2121
17301
96,5
290
262
654
2156,52
76
11658
477
604
8456
9640
872
23,5
1937
404
1191
291
2156,150
2156,295
7606,4839,8
58,45
149
130
323
1888
731,9
1484,11,5
2340
7212
7910
24971,9
1098
56,10
7704
6943
357
143
11683
545
128,29
74
8579
3814
12429
2166,1940
2530
1421
189,28
19964
2172
3855,11
1368
12628
1200
1925,1164
59
10,1233
3082
163
111,8
2156,25
7133
634,10
1416,19
9205
15535
5929
4596,11
1162,9
228
1389,9
63
6807
2473
10543
13428,9
35462
33256
16693
96,10
38
58,6373
634,5
11793
14115
3992
27697,1233
592
881
17866
8823
39729
2704
2756,11
2450
2862
1049
217
11,258
722
2984
1262
19899
9164
26268
34948
17480
716,15
942
1285
635
230
572
973
4839,16
7606,1954
7725
21,303
1416,9
5,5154
1002
3581
1552
22750,18189
1286
1313
1956
17294
129
9,41
4872
15408
728
4861
684
4117
19391
2284
712,11
3927
114
1144
576
1283
744
8608
701
11152
26069
1537
4069
3551
30,5
227,1134
943
16021
11518
509
30750
40519
20868,35587,1536,4,7354
4776
13550,620,12589
28667
8069
7893
7231
39974
4878,11
2673
1186,9
1455
801
81,5
400
12632
3038,15
1687
12385
5154,1500
1803
18881
25,10
13773
2171
20,892
25606,6164,7606,19104
504
321
2156,6164,7606,19104
54,58
58,9550
21,3059,19
51
18441
172
5,304,9
3457
2707
1363
5910
266
4881
11049
31067
332
819
23808
353
1131
12296
10603
29016
11,42
1050
1134,58
821
13,10
4139
799
2375,11
1265
12234,9
5626
2226
115,28
11772
1498
19331
1796
3650
23,18043,8
45623,493
5180
5493
4824
646,6164,7606,19104
20,2270,34533,21
496
14077,1000
1590
2223
2929
1718
733
1466
727
2156,4067
2156,24
58,15423
58,11852
21,9550
5695
12796
223
7341
1416,13
45304
521
4964
2167
1836
3625,1130
5453
1473
557
30174
9624,1720,4875,1500
8276
16739
7089
135
1484,54
683
15,10
4756
24409
6094,73,18517
1533
3092
5448
1266,1046
538
11356,1517,45194
2655
2712
16000
2222
680
505
2006
141
4978
617
30290
10592
20971
23622
25694
1521
7646
6533,25
7280
3396
1474
2771,19
14526
25434
12720
1795
577
11852,30
6882
3766
4194
420
10395
309,7
255
1309
23384
211
971
601
501
36,1266
664
173
21,3744
4618
3149
14067,1258
5181
3608,14
215,25
22262
411
197,28
10941
765,12,1279
3919
200
1522,8
810,2433
5407
2752
34049
10301,9
3020
4392
2052
1433
2621
1524
678
29051,26071
3164,9
11747
4258,1797
66
50,26231
92
2430
10439
429
30798
1804
672,9
12855
16,2871,15796
6979,1792,1258
2557
11,408
30960
1609
19433
1432
4895
358
7497
595
5656
22061,9
14464
10451
17930
2148
64,28
7709
13162
19184
5259
5049
40687
16556
899
345,58,117
1541
1525,5
4648
28763,24072
289,428,250,134,438
12714
12184
83,12945
1812
3557
2491
112,76
390,19
54,56
58,1118
58,67
17379
30911
25083
4505,575
62,7
1907
2330
8289
7,3094,5
86,7
5232
5116
9352,19
194
1289
2343
969,14
9629
1852
810,9
3382
14138
5131
11012
1639
6196
618
737
26231,12,9947
490
4554
956
2536
1052,9
2943
251,12,1279
13443
38553,1827
10405
14797
34496
11,70
5139,11
2200
333,36,295
2388,87
455
3041
18634,1499
5886
5393
10154
10437
1737
1683,15
19899,9
13250
222,45,10356
20862
4850
408,19
4590
28221
809,2408
36972,268
145
137,8,71
4990
935,1970
42888
3319
31552
20,2270,4258
20,1266
21755,58
85
6395
6924
286
20868
11565,591
33860
470
4801
843
820
4839,1954
4839,1118,19
514
21,1122
1241
37256
923
34126
9937
5616
2904
12352
7,1888
7,1477
1328
3044
10295
1095
3091
1082
11382
765
7931
2442
1291
13458
10947
8555
9801
12980,12,13839
46099
84
747
9,209
1581
240
35937
7268,48449
4243
8826
55,87
15408,289,571
6448
22835
4925
10665
13144
13154
16,684,59
1356
34939
26914
4658
3488
15296
31098
6605
1144,2988
33,57
34,57
434
17916
12293
21798
3724
14073
676
10543,5
9094
4973
5984
2196
6408,88
15462
2228
9726
709,9
2781
27430
1230,13
1042
701,12,26715,12367
30249,636,13991,22926
5377
6411
5154,21237,1536,4,7354
2031
464,11
512,1242,808
10142
23,513
39929,2617
443
1548
3626
3448
12661,515
34718
34638,1538
28440
15680,45349
21755,19
221,7881
8192
38669
5423
1868
7093,7012
22261
361
5663
1510
3191
2107
1125
112,4,288
2156,1712
36,11683
3240
74,28
58,1122
2408,872
4114
182
20987
33646
454
4727
3505
3951
30387,15727
30795,4484
7,33
31345
106
3685
1282
2849,36378
1860
17325
12377,179
650
311
17866,9
278
651
15608
1403,12,28422
5665
7728
6108
1551
17960
2624
18228
17885
9624,1938
20501
1767
986
9107
5283
6690
618,4862,463,2617
2129
10518
82
3597,19
16076
12980
14057
3486
38513,1571
17844,73,9043
30147
1145
1797,9
839
9184
685
410
2514
739
14091
3329
963
335
11,4069
18741
474,8
865
3489
937
13,70
2182
20140
9879
8151
1007
385,1182,8831,1949
1457
8364
2179
40942,5298
16522
8085
3257
749
30249,636,13991,12572
34852
1511
4292
26640
36443
6265
11311,1688,3894,337
5228
9658
6976
29928
142
2394
124
23,13700,856,11804,34775
23,10
14697
15011
24305
29176,43729
1280
12971
3362,19
13380
1285,7
1460
8630
1596,6317
24296
19120
4500
46812
13944,510
12499
13343
1209,2118,975,29
11707
40770
509,6317
502
318
16852,846,134
23570
4307,510
4307
14637,495
10414
587
660
5356
4772
1132
883
753
112,12,180
4839,4411
36,508
36,112
7606,4411
