5
9
11
7
10
8
16
20
132
21
14
9,5
13
15
30
11,5
34
19
31
25
23
32
41
33
39
58
28
57
26
24
40
61
54
37
56
71
63
45
49
83
16,10
13,5
82
53
50
23,5
65
15,5
55
69
78
59
42
92
87
74
80
51
67
315
31,5
30,5
188
34,57
96
94
107
62
121,4,104
97
81
19,5
77
848
88
7,28
33,57
79
144
153
5,315
270
70
145
5,78
136
66
168
130
187
249
303
382
91
156
64
129
65,9
962
85
171
103
115
147
148
22,133
19,10
341
320
223
89
117
217
55,87
137
470
227
25,10
38
40,28
189
315,532
138
373
585
681
391
122
76
496
1089
142
184
86
692
610
174
143
106
2034
30,10
185
559
237
408
503
194
423
95
150
135
114
13,10
71,5
3345
796
583
1238
623
65,9,5
346
173
26,14
684
159
10,92
1016
362
547
198
1489
317
513
351
14,24
202
1748
831
146
343
160
37,21
23,10
5,315,532
215
394
56,57
555
304
209
16,41
124
188,469
99
908
427
3516
149
884
292
258
2421
264
52
5,232,18
220
2034,11
123
345
1489,692
431
566
152
157
729
1726
224
101
419
403
309,7
12821
172
14,37
411
247
1059
1238,9
158
7,33
278
24,21
758
222
23,513
54,21
285
453
919
749
376
47
98
200
81,5
474
744
502
7780
1515
5,121,4,104
233,9
751
314
880
374
369
232
396
62,7
346,9
400
669
88,5
325
389
390
182
484
829
537
781
538
301
11,41
1050
109
360
74,28
997
167
5,276
5,144
161
671
16,2034
528,7
59,5
452
5,92
165
323
766
148,5
416
436
186
454
638
685
1154
253
2967
962,11
834
275
522
767,7
1364
61,16
84
9,63
313
11,188
244
333
1474
512
957
1655
788
721
197
738
485
1939
377
213
752
284
1262
736
812
420
3108
514
7,146
334
66,9
2429
11,39
576
183
461
8,97
395
494
644
3517
203
628
478
239
568
265
1128
589
1206
392
125
1704
1060
5,382
311
476
24,16
16,2034,11
141
421
2736
1695
142,9
1596
624
215,25
266
703
645
1490
71,10
1083
719
287
727
169
551
3878
690
712
471
511
222,45
263
2584
4840
25,157,25
331
1603
273
871
549
299
386
584
850
228
558
393
1788
917
656
349
277
1738
302
497
982
650
707
708
190
1103
1303
1146
443
252
1859
660
564
41039,133
602
450
557
135,9
1440
418
1269
665
1710
776
1462
343,9
4487
1332
296
286
572
5,94
187,5
659
1956
582
1667
1799
308
353
2997
735
772
5979
554
682
375
340
604
433
251
488
16,45
750
1572
595
797
585,14
8,39
1771
987
294
3709
1557
587
351,5
61,21
77,5
5,796
4260
573
823
540
37,56
300
720
473
709
283
920
745
1912
32,145
1046
988
550
1292
641
3163
693
40,45
21,2421,11
7,185
371
51,58
1835
1272
1024
632
429
453,9
1049
1074
684,25
4790
13,39
367
701
606
2584,66
2020
307
2604
1287
85,16
96,5
1470
2235
1364,13
2398
825
223,5
7,244
1583,9
5,138
980
1082
940
2654
82,58
233,9,5
483
164
303,11
1032
15169
6050
3034
315,3076
270,9
779
188,3324
2898
2715
832
1111
1444
1585
291
379
365
447
688
634
1856
5,200
5,168
800
442
533
1030
15762
1130
2439
519
120
668
799
855
1019
64,28
1424
909
136,5
2027
1012
1863
3465
1309
902
1005
1281
412
1221
830
41039,100
2350
439
900
1224
51,32
5,247,18
5,496
1431
1565
1088
544
651
192
1348
1987
2740
531
1900
144,9
24,34
11,645,7
2213,9
723
465
655
18274
1727
2199
736,9
1135
115,28
637
818
536
590
166
2873
2010
1284
603
953
1463
886
4681
545
1006
21,303
236
1124
362,317
174,5
629
912
194,9
2077
979
1233
671,7
986
1406
708,7
683
1632
189,28
981
739
88,10
335
539
680
11,49
11,3345
2181
851
2423
1031
2196
1932
451
1040
639
137,5
198,5
1507
3574
7774
3336
318
3125
1913
2384
1240
103,9,5
235
976
2195
747
2924
583,5
985
697
18426
633
1098
946
4351
205
1123
13,63
2524
444
1283
9593
2885
430
2162
679
409
1808
1288
2701
441,7
10,919,9,5
852
378
1777
85,21
3345,18
91,21
1448
1080
1327
504
508
316
22,1121
5424
3924
77,37
21,41
304,9
89,16
5,320
5,470
467
2800
2152
892
1992
445
2305
1300
79,21
26,24
422
269
342
1027
694
931
3286
9,69
1109
963
505
722
56,10
1134
689
2867
148,10
2226
1880
1412
1687
1537
1353
1200
10183
827
553
566,5
70,5
935
580
121,4,487
993
1190
928
1659
1405
837
1505
824
2059
1791
112
339
54,16
1139
7,173
149,5
5,232
1010
1419
1473
1051
647
1189
1179
1667,9
643
1117
1207
989
1167
16,223
16,122
16,1238,9
2006
959
790
1003
492
937
499
617
1026
822
652
2319
1923
432
5888
593
792
380
716,11
2033
552,19
520
8509
1806
1643
1752
509
759
491
1745
1870
2376
3082
1600
664
61,34
147,5
21,1128
1476
667,7
206
5,1089
2130
999
780
924
518
1392
774
1835,7
6063
1330
3946
731
9108
714
477
675
793
240
9694
453,9,5
1131
410
516
1679
28079
24,18
803
1160
481
3787
1093
13,49
13,41
2182
4835
109,45
1276,7
8233
3735
1726,30
227,5
25,51
8,69
814
5205
663
5791
3346
2169
1148
3295
178
2223
17296
3503
107,536
74,33
1072
6793
569
746
7,465
5,595
3689
813
2592
2325
1199
1273
15,302
3949
1569
662
153,82
1145
529
1660
216
2946
16,373
16,67
2942
1050,659
1311
964
613
1658
866
473,45
1045
3205
812,9
373,5
3113
1928
25,37
3054
1560
3929
4355
666
8006
1574
3131
1191
204
155
22,250
41039,170
54,58
58,848,11
21,2736
1068
458
1665
810
1091
785
2622
1433
82,32
8507
1357
160,5
9,209
2756
1226
5496
210
669,7
547,11
457
164,7
177
6172
1370
1150
6986
941
1169
1882
962,9
1498
3782
1367
1380
1312
2311
716,15
124,7
577
1247
1921
16351
25,41
3390
1112
1625
1429
4370
4934
4019
1563
6606
5244
843
4013
1138
147,37
5794
21,4790
2834
4153
7,33,57
7,213
130,107
5,232,18,1154
5,346,9
4888
1743
3986
3579
2077,9
1122
1302
1237
775
7369
1038
695
1455
737
751,5
2513
15,307
9,106
9,70
3285
363
3763
517
2535,9
3647,9
189,33
356
7818
1618
762
2557
1034
543
455
1432
4580
218,75
4464
2296
1354
1486
3419
891
1474,14
3406
1642
1059,5
4241
2035
2219
8,172
1157
1507,7
1218
2171
3213
10,538
10,367
5295
3621
598
6805
6169
6299
2135
1896
1587
3742
635
2475
2370
925
1731,1033
4837
4896
290
654
3010
601
3982
3612
624,5
19,39
1141
54,34
54,32
2498
21,67
1337
3032
1504
7,582
802
5,1049
5,884,9
5,138,18
5,403
5,275
14,74
14,39
1800
388
1622
3640
1331
26,4,20
2174
1888
297
4588
1789
1228
678
702
1904
563,7
621
1605
1414
15,63
15,395
1661
1647
3033
1389
672
217,10
34,45
1102
1637
1730
358
626
6408
1602
2955
1143
1881
699
464
1303,9
1668
30,41
3187
3701
32,45
1268
5195
2132
1065
10,76
10,651,9
735,446
616
4466
345,32
20,78
764,2659
3176
2155
11814
369,1101
1287,1422
7322
1636
4602,1771
5617
5323
2448
4690
10377
1961
1501
6503
1754
1936
195
733
4482
5241
2661
1104
77,51
21,738
1805
1381,7
561
4021
42,76
89,21
5,1609
2724
3564
1294
2294
592
765
949
2183
584,14
794
1078
4609
1325
1335
586
2654,1269
425
310
3744
1756
804
15,39
15,502
15,273
1036
9,5,232,18
956
2511
614
1181
540,87
2074
1212
773
2683
1171
11,5,315,532
11,391
11,188,469
11,502
2303
1144
471,9,5
372
576,7
426
1654
933
2277
1064
3395
2327
23779
1170,7
3038
1897
2339
1418
6953
4463
1887
3198
3210
23245
1449
2026
1984
1229
1108
809
12918,7
880,7
41,758
3062
5180
5091
942
420,5
4423
1184
8297
3939
2005
861
4523
692,9
3071
2250
6869
5965
5085
3274
1156
15360
2412
34340,43665
1868
11371
2938
37812,1949
4578
4414
753
41039,102
41039,243
110
875
19,69
19,41
4669
1650
2449
2918
9681
7,304
7,2097
7,120
7,253
7,109
498
106,7
5,394,9
5,752
5,1515
670
527
2305,14
4211
3429
1196
6063,29720
2442
829,10
1286
1850
1939,729
1484
1595
2225
2164,30
1633
15,550
15,644
1839
9,5,796
1530
3027
3140
817
2309
3969
94,186
4178
16,421,7
963,11
2222
1165
5176
1147
34,67
8928
4829
507
3541
1321
736,9,5
2024
2008
1837
1846
435
567
7793
2286
4986
1022
2844
4685
1959
3234
911
32,122
460
552,5
2346
1697
3903
59,10
10,313
17135,20575
1216
7597
6171
312
5374
1773
4336
2431
11145
1525
901,87
1483
815
6226
96,10
3049
1628
1261
13303
896
5459
16121
3102
730
971
706
1006,13
54,56
77,24
1072,7
10602,2130
1500
1139,9
1706
350
7,339
7,2592
167,54
89,58
1235
5,934
806
1239
3218
2526
3024
197,28
3556
878
1062
3372
4439
1275
588
1162
1895
3246
5395
1164
2129
1974
135,9,5
3670
7179
66,9,5
15,294
15,296
15,719
904
3617
1410
6950
1830
839
2862
156,10
872
301,11
669,30
2672
94,76
2427
1315
16,145
16,10,919,9,5
915
3150
11,485
11,1005
1320
3169
1482
750,9
1576
1197
3233
213,7
31,39
1441
6484
2419
2320
615
1249
1305
4295,9
399,75
1521
1248
39493,1949
847
4456
1663
1947
2352
1340,19
4238
4590
2148
2261
1519
30,39
2263
1518
792,9
6102
357
142,9,5
25,24
1566
2237
1382
2082
8,80
8,171
1712
1857
456
1940
10,320
12233,9
20,80
280
2141
3453
19476
5348
1820
798
8334
37741
440
11294
4165
7056
2627
12852
12401
37006
91,16
1621
1678
36315,32496
1568
6778
3516,8
2910
1378
1776
3389
11406
4035
1510
973
1878
111,10
390,32
396,5
21,848,11
825,7
1241
4879
2330
1416
7,1871
7,492
600
5,866
5,1557
15883
521
2952
402
9716
1094
327
4221
1304
224,14
3447
1458
1487
3357
4596,11
3458
1330,7
4800
2591
1767
609
13866
3775
1784
15,392
9,84
1546
153,11
162
1048
156,30
795
2687
1207,11
18218
889,9
5258
1762,9
16,2997,7
4658
11,103
11,928
11,719
114,5
1946
1611
184,7
3106
1903
1751
434
168,8
3065
9186
7365
31,49
882
619
841
1559
1727,11
1683
3017
608
3780
2228
1202
3094
8181
2996
1981
2998
4847
1230
2593
2976
1676
6308
1274
1379
2273
1540
6321
1402
4705
5194
376,31
2168
2354
4912
1503
23,5,589,9
3873
1948
8,423
41,1923
1220
10,346,9
10,319,9
10,739
23640,687
28274
6092,12,13012
3287,270
20,121,4,104
20,188,469
264,21
3646
14008
2930
8947
1995
2804
4041
11753
5011
7866
5862
3445
2534
2392
755
1204
1853
2285
641,9
4545
12416
5280
1231
870
2995
7093,3407
9411
404
6284
2993
974
7528
21123
501
22,4148
41039,627
14188
1982,30
966
1364,13,5
8092
19,63
1141,16
5859
54,33
61,37
61,32
998
21,848,30
1124,11
1155
2939
16875
7,1693
7,907
5,1160
14,115
1385
7044
323,13
3649
2506
1158
9229
1715
2214
6613
98,12,4155
17070
79,16
278,62
2754
3645
2551
2971
1707
26,37,21
1492
3152
1551
1263,7
2634
1552
690,14
2207
431,14
6825
10520,7
3179,7
1338
5345
3188
5304
936
17410
801
1278
332
3451
4792
3133
2798
1831
81,10
66,11
97,87
2665
503,26
127
144,9,5
1421
1716
1797
4532
2973
848,10
2660
1495
16,716,11
19442
712,11
11,5,3174
11,5,78
11,436
11,830
11,6193
141,5
1826
239,334
259
33,156
1175
562
3489
5188
2364
3526
303,14
511,5
6155
4139
2190
1136
2984
2210
1061
11004
1007
7460
7169
4149
2335
6717
3193
2625
1042
5558
6556
3050
4192
2212
1118
7236
1861
2366
4418
834,9
4747
778
3220
756
575
53,21
4081
1925
11441,7
3374
1059,10
4968
7671
23,63
1394
3835
32,67
2876
2455
71,145
1100
943
1760
3566
899,7
10,881
10,940
10,400
10,183
6039
2897
40823,179,10269
2240
2769
5308
34810
152,16
9004
3259
2809
2944
391,2238
9392
25466
264,16
39213
14254,260
8957,1777
4434
1624
3497,9
11625
4611
6805,6227
12132
2201
4541,850
13047
5455
6963
1625,18
10718
6036,18
5076
2385
5772
1133
24340
2627,18
2487
1362
289
3848
12615
26819
12977
8639,30649
6599
1681
230,10456,859
8455
20988
5469
436,18
5958
11731
3332
4282,1284
1544
7687
7693
15437
231
4893
1132
883
2266
132,153
7969
9633
11265
36,627
107,71
3331
1924
40,33
147,51
77,79
3072
58,202
58,45
2408
21,202
4478
1983
3074
3375
201
454,5
2216
7717
2341
1446
86,7
1328
149,10
7673
51,214
49,308
5,1945,9
5,884,9,5
5,735,446
1110
7377
1067
3514,833
3986,9
686
2732
6297
2087
2322
2014
1400
1149
3925
3582
2686
4118
2829
17949
1203
3627
2749
1818
921
2227
1430
3500
3114
2906
2673
6001
1142
2791
1153
4103
2302
8676
12309
12373
1989
3589
2221
181,4,119
2203
5798
1651
6010
5483
7187
15,494
681,8
4142
4088
9,1050
1161
1632,1123
930
13119
418,7
5688
3694
3158
15540
1266
2232
3397
4403
3912
546
3307
672,9
1601
483,7
1682
3940
4225
3736
63,308
867
1386,9
17277
1025,5
1746
24696
1736
11,419
11,1353
11,764
11,4525
4812
2480
1623
184,1237
4008
3475
34,585
35574
333,9
2272
2388
1972
556
1037
6626
4871
1769
2081
1246
2140
5242
4675
3819
14739
4373
8885
2980
385,9596
5813
5624
7368
4501
2781
5125
1724
414
2599
916
2351
6670
5585
3354
2964
2198
5936
606,31
6277,9
1714
2037
1395
2205
376,7
2159
2353
2406
2501
5103
4033
10740
1684
639,5
1542
3751,7
3025
3811,14
32,202
1013
8,156
8,292
71,39
71,41
6860
1065,5
10,1233
10,15169,19191
10,512,4840
34219
2298
22302
14457,828
20704
1513
20,92
20,1089
6547
12634
6366
5310
1841
1919
4665
1699
14254
10871
1172
1211
2848,12,1180,12,29161
221,1452,922
14475,6315
3879
16909
2874
188,3324,1869
5027
3161
2803,9
7338
3709,1913
4938
5562
2011
1426
2588
3351
610,23563,18
3139
5722
38,524
3861
8427,1399,18
8427
1934
4858
3268
7947
2860
2974,4344,225
3100
9747,11387
4869
18227
4614
1384
2717
413
2824
1674
732,853,1043
8948
20419,261
3516,18
22911
788,9
2049
287,10
19645
7896
3687,5
572,5
4237
5710
83,313
1814
361
1812
3550
2107
132,6,151
128,627
2056
74,33,57
390,18
5897
61,58
439,7
4114
52,33
3844
2236
5695
3918
3790
9190
634,5
2115
3752
2833
3868
7225
1058
1703
1349
6349
2106
746,9
3270
362,10
7,3720
7,972
7,1877
7,2725
3455
3711
5751
5,1262
4776
1296
3254
3656
28038,745,11
10260
1985
2152,10
28642
2827
10114
9460
3311
1612
2414
1408
24684
1901
2167
1088,13
2735
3091
187,39
19463
2343
969
458,9
1363
3814
1807
4220
3826
2178
810,9
4915
3438
3487
5407
1675
4907
2189
6042
1015
1341
2057
1920
2229
5362
1639
7715
2017
3097
2052
5402
2633
1956,9
16627
2902
30801
4407
472
317,9
819
3008
228,715
4996
1323
7849,11,5
2400
34011
1461
3365
4303
129,65
15,779
2079
2297
728
4481
3527
4204
919,749
1468
2943
2086
4639
1709
94,353
5226
4900
743
3168
2316
5923
1356
14715
2683,23779
2172
5201
11,5,220
11,1429
11,953
5713
5467
5868
1307
1991
184,31
123,7
2200
723,87
34,1726
543,12,1902
865
56,117
1733
5619
1255
3968
168,18
724
3077
3491
31,63
887
4951
6437
3598
12530
18928,11574
2490
2122
7356
1283,14
515
3039
1737
4441
2773
1428
4855
2268
2623
1254
1494
9118
4814
1844
2202
3257
1462,8
8357
6050,88,10
2058
3212
23491
4601
3348
1143,7
16194
5590
1701
4286
1465
2021
1450
2783,9
4025
3673
3172
10907
14407
1855,1168,3843
2992
1539
3205,228
3379
1677
486
1252
4007
13978
1803
1795
679,14
1451
674
2922,30
2080
31762
25,834
3124
2092
2868
8178
1280,9
2386
2093
2641
1285,7
355
888
1713
10,1030
10,205
525,5037
854,11136,374,139
9880
4769
6037
15340
1892
20,496
9034,18
4290
395,18
14239
3412,3080
35549,9,7616
6604
3672
391,1704
8682
1863,12,9344
4662
2030,3466
5264
29315
1774,2456
1858
7395
5978
16023
9421
2848
10316
13891
10967
3499
12372
34500,2457
3073
2306
1944
4365
10730
188,391,5295
5045
7045
6728
4743
3404
11552
3709,18
3129
6144
23064
11826,100
3426
21469,329,90
5769
23563
2094
6045
4586
16680
344,7292
2722
85,18
8594
2715,26839
5051
1016,4414
6558
38,206
289,1417,2028
5141
6851,26121
23180,384,17418,118
1631
17009
826
4644
1740
7665
3652
3515
4256,873,20870,5465,118,496,22499
6759
7985
3322
24777,9
5355,25937
5708
8767,20909
1913,482,15,302
6076
8700,18
1821
7442
12104
13966
27060,18
3710
6497
3045
1785
20742
4810
3683
2745
5095
11520,18
6035
11016
7649
5735
262,212
262
654,212
195,6,151
1718
4999
3788
1878,6,151
8008
27723
26447
41039,243,18
5718
76,18
2410
3116
5015
19,42
40,972
40,67
7892
147,37,21
514,8
938,75
21,78
2763
2728
1802
2626
5057
1734
18734
7811
1346
1907
80,12,1208
9544
3408
860
3951
4240
5389
7492
8376
6699
25660
174,1865
7,694
7,1744
7,1032
7,1045
1270
42,186
383
14,209
14,49
7263
20783
4667
2948
2556
5298
8551
3456
4089
4548
1787
2528
3606,31
8124
1282
28121
13227
7757
9352
13849,7
1652
2326
3359
4425
1997
12913
1289
2504
1834
3462
4707
1994
9595
10171
951
2257
7893
2761
3625
2018
278,9
1852
1051,7
5685
191
1310
2255
3667
903
2886
5165,15
2391
4067
6985
26327
557,8
2703
2288
1291
3946,5
2624,5
4881
5131
4841
1219
27504
2075
26666,16,373,10
6602
5249
1318
2468
2999
1976
4362
2570
6461
3604
1377
3020
1963
2038
3436
2622,30
5780
425,9
2460
6104
6126
2697
618
3302
2452
7277
3770
6221
816
869
1884
1028
4931,1743
22908,2918,19398
3186
2718
1041
1763
1945
30311,1517,368,13310
4340,7
15,378
9,5,2041
6925
5808
3120
1926,9
5757
5063
3377
2139
2574
21725
1375
2260
12958
38293
2039
2535,9,1932
429,28
1692
7394
453,9,5,4602,18204
3099
948
4760
2759
3021
4196
1052
4808
4592
3033,31
2301
14326
905
4477
2514,87
2743
1212,1033
5932
3549
5836
8420
3329
3725
11307
2284
11,5,276
11,5,375
11,5,382
11,4580
11,4464,81
11,2008
11,1327
11,12330
2782
1477
19537
3156
3599
939,597
13575,18986
4457
5253
23536
184,3482
37,18
34,551
1420
8908
1637,10214
2029
1816
4366
1950
31,69
7390
6693
4731
5681
8294
2051
2609
1747
5447
1575
5548
4491
2778
4935
676
6318
2283
961
1445
8186
4009
2251
4446
21313
7677
1265
2479
3301
3333
2757
4472
8364
9939
3660,30
26089,9
1887,7
6400
5943
4646
8802
39493,1949,12,462,8988
2116
2913
768
3948
2731
5656
1511
2267
7255
3665
1881,9
7796
4496
5217
4786
5154
4564
6239
2807
2031,9
8321
2234
2100
2471
1055
4363
3449
1765
5892
11044
8203
4315
6181
6383
6084
2143
9013
10834
3738
6685
325,11
14574,7
2046
555,55
5484
3454
15573
9436
4094
7272
3881
6475
21495,4840,21
5466
23,1046
553,5
25,1010,25
25,171,25
32,3831,11
7244
3901
1548,7
5049,7
2772
2443
3122
8,117
8,237
8,1089
6499
6529
3766
1076
16847
3327
6859
3362
942,18
7513
2134
13398
623,1771
40346
6093
21896,4351
6546
22153,658,1873,1439
8804,8830,6395
20092
14793
9302
7186
3421,6123
2246
20,144
20,3274
3777
14430
1854
14995,2565
6312,4468
2206
6079
13814,18
407
7918,219
24195,34
5348,4134
16939
2920
1863,1292
5411
3430,21597
208
4168,7718
4168,4575
16651,22219
7288
5716
7851
1201
4722
13710,14832,267,1543
248
6020
10997
13053
4720
8058
18475,18
7929
9246
7086
2784
32731
24349
13346
1387
384,611,29,1396,2475
5860,6063,29720,16
17142
7278
3801
1993,9,5
5750
6512,980
2561
16860
6507
1876
2361
23470,12342
3771,9525,16,23245,341
5078,1210
2597
3577
6891
6338
13857
229,18375
9153
16470
27479,2947
3052
1454
14557
2488
8609
7007
3345,18,92
666,8
38,16329,250
38,437
20442
12865
3523
8001,25821
17009,18
7951,19888
30663
2374
272,22561
7965,9635,21877,11736,18,3574,1574
8719,6603,1127,9343
30897
2493
12458
23905
47564,487
274
1648
5122
24799
13357
5028
7393,35959
4713
3875
381,3847
381
1590,5
4672
11889
1053
13303,21,6408
7505
1913,955,29
17887
17657
6855
12108,4104,242,19670,9432
21253
2235,18
2412,1557,1332
1573
5331
9348
1961,4749,39267
19658
7599
8335
125,5
9926
1547
163,12825,16170
2278
14335
8991
3224
1456,19557
1221,18
39286
497,513
6267
1817
11816,28797
11453,8717
2605
3921,260
7553,14683
3452
1645
3823
4110
4837,5,2860,18
2618
21071
11399
3337
1764
3330
204,6,151
2357
1105
5155
4525,29
10572
111,20
68,134
22,10980
22,38488
22,10285
41039,894
