5
9
8
10
7
11
13
14
16
15
111,25733,387
111,574,26770
25
166
9,5
19
2156,8
41
20
52
30
42
31
2225
61
467
1421
32
2156,52
5448
27779,742,8
2777
28
634
1548
96
64
152
84
11,5
414
311
716
215
27779,742,13
341
24
716,15
3092
2136
1901
4972
17194
19850
15,5
96,42,2225
27779,742,7
80
775
2239
92
335
2274
215,25
50
311,14
152,2225
64,28
7,5
1455
819
304
1850
2788
936
6448
1966
7373
13,5
1743
33
2156,61
55
3685
87
17325
96,42,2225,2156,52
14,5
27779,742,16
46563
15491
20257
8558
258
1575
8611
430
1058
8488,16
42168
67
8488,13
46195
1632
11,10
34
7208
81
8488,11
97
27779,742,11
88
1541
43372
15,10
209
25,10
8985
65
2655
1617
11170
83
57
227
3156
33055
23
19,5
3563,19850
8085
1632,2777
12673
5808
1905
2975
569
278
10437
128,29
6295
16964
157
5389
27779,742,2156,8
19,10
609
10,92
45774,28201
484
1533
11991
31,5
341,7
2835,1258
357
49
2210
40
5774
45
2156,215,25
7,28
19039
2502
2370
36912,3569
980
141
8488,2156,8
3625
63
85
634,10
19771
304,9
1272
22997,102
2939
8369
8488,19
278,9
739
217
2526
8488,31
1472
48946
239
166,311
47760
86
1707
9980,33334
9,42
8135
166,1455
11305
1318
4298
8408
10,5808
9,41
53
8488,61
14,16
694
32809
42532
40127,338,9354
7681
22432
77
3184
129
1050
652
373
6609
2007
3645
16311
15678
48395,1548
166,6190
8488,716,15
173
172
557
3115
34,57
2706
30700
36451
598
8488,30
130
5849
349
1310
1492
30,5
6885
8488,32
346,9
171
39608
720
5377
30,10
33900
59
234,21992
14077
21
78
2236
1989
16,7
14073
1380,27368
70
155,495
542,16101,25376
2969
819,9
2024
7133
15924
101
111,8105,387
111,10463,387
61,16
14569
166,311,14
8488,215,25
634,5
276
672
23226
8933
716,15,10
4824
150
892
20572,611,11599
588
2435
396
16782
8720
7448
2632
46644,2961
14082
27779,742,32
182
881
37015
3806
25212
26956
20992
48395,24
96,42,2225,52
26403,25132
2065
9205
103
203
146
400
16,1850
3034
38163
275
716,15,5
6295,1825
4756
335,43372
15296
5693
2982,3146,1023,9762
745
1548,27779,742,7
21979
8488,64,28
58
41853
936,9
7626
11606
2156,939,4,242
5,276
5826,2777
4230
7141
5588
4195
144
1026
18043
35566
2156,53
3989
3547
30464
14023
568
286
2052
15423
3278
9126
6054
1663
25,157,25
27779,742,11,5
61,32
3907
1901,4972
8724
723
3618
223
5389,15
34694
3880
1546
11,61
576
31492
1490
166,67
147
3018
986
33,57
937
25072
5049,7
48188,1548
2156,364,4,571
1241
1337
3505
2937
6779
167
6496
1477
8194
1602
6411
1548,7
10,278,9
22205
8488,2156,61
1330
678
505
617
30,634
7038,500
25606,8
1907,9
39186,1938
13931
2835
16245,14148,5580
2660
27779,742,50
166,15393,10
2136,22432
624
40,28
1058,414
149
2018
311,141
1639
13794
11,41
1521
9164
35499
1111
2223
48188,17325
2167
12980
24,16
38985
41616
8503
3034,3360
1803
10,3143,9
10,881
48188,2136
2156,217
864
43756
43797
2200
25187,45816
5043
6878
1383
143
27779,742,2156,61
152,2225,21037,10
152,2225,6822,41
7192
169
10686
7708
4554
3041
1246
1118
1380,24072
9889
3626
15690,15721
111,574,26770,12,364,4,571
111,574,26770,12,132,111,25733,387
32644
51
14301
3552
4249
4878
477
817
595
28726,5033
1537
258,5
3857
37681
7,694
5,304,9
87,5
1296
7281,368
2078
2472
2777,1421
762
31648,1757
64,28,341,7
10,55
10,739
48395,1901
7346,565
85,16
48188,24
2136,2835,1258
3505,9
3980
7,3042
1002
20589
1122
2703
485
7089
36912,17505
25187,119,2726
709
39816
1542
3253
1280,9
814
152,2225,7448
5,275
5116
1300
431
3611
6925
6154,31992,5564
5448,13
20410
410
7465
492
37639
2433
2375
4387
145
305,6243
9870
1364
2136,1472,2982,3146,1023,9762
37118
5,97
4776
1471
81,5
9980,3899
15,258
2523
2450
12769
739,12,8056
32475
3425
27380,31
17528
9914
2731
4087
2280
20,14073,775
163,3850,791
6015,500
48188,46195
5167
106
14,16,716,15
2849,438,40918,1938
6001
3008
66
747
9,1901
786,12,7638,808
22744
12758
8150
5456
88,5
2029
5368
15190
7353
16934
28647
3195
1380
5604
357,87
25,41
2386
10,1989
48395,1548,27779,742,7
3424
5616
2341
3944
5,144
10686,13
2849,19527
34999
46264
18228
39512
1632,2777,5774
3237
6890
24536
31,41
7721
1351
5838
2048
227,5
577
8,2788
943
4504
635
1982
61,15678
52,33
2333
14,15678
2422,12,29646
26929
1915
7058
29981
3508
9108
46930
614
1804
1965,154
7397
882
4935
1283
45073,5119
2226,13
24173
12337
1274
4050
420
6030
616
1216
19282
9096
870
19645
111,574,26770,12,112,111,25733,387
2156,50
4727
3270
3189
9355
1313
6184
9,63
1421,111,574,26770
672,9
141,5
13135
2051,12,6504,7153
2319
1169
3854
2623
4069,9
23,5
660
8488,11,10
33760
39604
323
215,10
4066
3441
5135
6177
2452
22810
1667
15,12,1902
15970,1938
189
1049
42752
2222
2782
9284
205
20181,3693
5129
8047
35060
37213
421
40150
4472
16522
6563,44441
1453
1966,8
1288
8630
11594
3702,12,1864
549
3748
31140
1217
14,64
18632
10114,2089
5561
34254,1258
43471
4756,31
27250,1630,337
1421,13
14823
2777,3092
684
34751
2942
9397
44816
23226,9
32809,9
38933,4086
15716
528,7
40846,179,3693
8515
46133
12549
403
32,1602
9437
8,49
8611,9
20,2225
12462
3347
74
61,2939
21875
2833
5,511
14,24
4084
670
1860
8985,9
4158
2752
588,12,958
11054
2574
9562
3315,7
1171
11,258
2006
367
284
11560
25924
13905
42689
6308
13879
20257,8
1022
5437
1566
2772
1966,9
590
5931,33893,3048
234,11595
1190,1417
2898
1234
48188,2274
2156,2018
34561
12348,2485
5,78
7719
5702
200
1195,87
9,1058
4756,30
18670
13171
27963
2655,12,805
1736
3855,9
6053
1950
3112
4442
2773
148
5581
1663,9
9637
1539
12340,9
28760
48395,46563
7008,1301,4387
11510
6211
10160,42472,12652
163,487
48188,85
1319
6097
5674
7,12558
1715
3250
43083
586
4212
1433
2247
55,87
7526
32712
24,7
10405
1386,9
26076
8908
937,1938
16420
1056,15
9538
8257
6305
473,45
1498
1402
4120
11554
7576
3901
1937
27779,742,13,5
19390
20,5448
18090
5979
2156,52,465,14
47041
7,3008
3891
5,1058
14,32
806
37423
16697
2369
29698
6295,352
5770
2906
1142
864,15635
1286,30
11054,12,805
4655
82
19054
31187,4733
804
15,484
786,43871
7425,12,43871
540
10603
3150
11,1285,7
37,710,16307
4163
3845
6731
5064
9280
3819
32434,44913,14768
2228
6533
25402
6676
28255
31825
1684
5274
6278
152,892
26305
208,14858
13579,3134
29206
4028
2223,5
48188,1050
111,574,26770,12,46814,111,25733,387
7606,11
341,11,10
1282
2496
8069
3184,9
14120
44615
4126,12,16101,25376
1552
39974
609,9
18102
13512,994
7797
14497
9,1617
6373
5448,16
13144
4327
2557
335,23226
14518
20044
42619
507
1905,44493
14660
676
1061
4400,1076
12547
3038
7664
41882
4292
1687
2261
47234
8,739
136
10,194,12,1116,12,627,12,2013
166,67,311,14
20,48188,5448
4584,12154,30549,176
1876
26403,25132,19
1060
150,18368
3907,5760
7,37357
26534
5786
46195,4472
7277
1884
40127,34338
1461
14196
14578
6134,9
33285
26914
20992,2599
14929
2140
2785
11170,2222
3780
25406
45087,1258
19790
1844
414,12,9756
8417,6970,2236
12787
4786
1948
566
12432,2963
9077
20,775
312,4306,11599
7192,111,574,26770
83,5448
2156,4634
2136,44493
150,6780
21437
33778
1434
2115
34561,12,805
3457
1385
7377
3608
41794
2257
1291
588,12,8331
2166
15,5,1453,9
37627,462,15727
44875,29
28269
4830,5
11,12,46400
114
10846
17382
32018
30962
7460
626
26070
43654
25730
10922,47907
414,3184
1953
42168,12,805
34236
5377,12,3743
8200
2748,661
6363
4705
12095
22064
227,80
10576
4990
19269
20,304,9
1773
1501,293
572
3363
447
37832
8284
19850,36912,46043
8558,9
6694
2849,25414
4813
2078,62
6136
27361
6029
16762
2835,1635
8359
1186,9
17836
3364
332
19329
45,129
6496,8,34254,1258
4737
43030
2514
10345
4083,30
6364,14
22690
11,5,1026,9
37,46177
865
4828
1575,8
21141
14958
4939
21819
29713,3569
34014
3094
42168,9
26991,1178
17402,9
4286
43547
12818
1029,40584
42422
30,839,9
792
1803,380,4040
46194
33406
2455
1940
309,7
166,4776
20,1850
20,14073,775,311,14
255,40698
5900,530,1075
208,13055,534
208,20954
14422
221,14257,43869
509
256,9112,29
43109
38
1515
274,12,1794,24669
7253,15,5
31662,27242,23288,7469
8488,23
48188,20572,611,11599
7606,3855
23021,1975,2192
18746
4072
4240
41762
24880
1567
7,6925
7,9666
46478
38577
185
4819
4375
1901,5588,58,2006
2735
1836
13931,9
9031,38600
20424
422
6295,7
7441
266
1189
4158,227
485,9766,11
8979
695
6104
8593
29854
2430
1375
28313,30
24704
795
25929
761
6807
88,1316
11324
31098
44850
6554
724
12433
13135,6411
13,1246
9126,11
15550
5175
14146
109
16163,271,3693
25778
22792
797
14198
4358
29977
1380,9
9388
8408,23226,9
5894,9
32,45
23501
15635,3525
41,8258,23700
41,8258,4330
14485,2136,39939
71
7833
10,650,278,9
166,2179,2298,22547
8280
255,3808,32866
1541,775
3658
30436,46718
226,31156,597
26436,811
23770,13123
7519
23070,462
287
6015
48188,41853
4832,112,111,25733,387
4482
19,3487
23341
7133,1383
14925
22121
561
7,5,936,9
5,40301,9
5,1563,15803,5954,111,25733,387
14,23684,2857,5
14,1171
33689,2787
45362
2800,30
5025
20572,611,11599,12003,20676
202
2292,13669
11586
3880,9
10875
5665
810
24577
18939
9393
769,990,39431
31813
2600
1166
7154
35897
1198,39221
1406
29597
82,128,29,44179,9023
2861
1323
47367
1374
122
786,12,42985,337
295,12,28526,6732
7268,41586
4243
20686
37109
14519
1266
5678
25269
42715
11991,11,5
8149
12332
2284
239,12,23944
36386
43141
492,10
937,1938,1460
3959
5120
12365
5684
6456
1905,12,805
21798
1769
652,2274
16045
6681
27460
9849
28458
2339
4404
6886
41071
5126
21453
5044,15362
414,2783
2180
8608
11236
2964
23431
16388
5966
2048,672
2992
41754,571
3747
4007
32771
3650
911,9
32161
10,239
166,311,141
166,5848
5598
7905
18335,48468
3522
96,23861
96,42,2225,52,33461
11935,3755,510
5323,448
2370,12,24727
17051
12612,534
33202,43389
1480,565
2156,61,15637
2156,3315,7
648
2410
1617,8024,1334
3924,341
2236,5390,8,1965,154
39074
182,614
15594
36049
62,7
40713,33091
1933
18983,26512,3786
16877,32690,1431
7891
1349,268
7,609
5,4195,9
5,4577
14,2386
32343
2788,12,20094,4474
326,21526
629,42141,37015
36719,1827
3218
4964
527,12,31647
1158
20231,1020,12,17950,46249
2214
1373
651,9
1472,12,10058,4462
4126,12,16101,25376,2239
1403,12,1975,27953
24230
34254,927,11534
20006
7980
5701
588,12,5367,7341
731,9
15694,338,5183
5327
3887,12,805,1579,19114
7444
563
41966
41473,281,337
47777,4428
233,9,1901
28323
36226
25212,3552
1414
5903
2513
4497,15
804,340
1980
1839
9,41882
4756,31,9096,15690,15721
2340,12,24590,7526,2249
786,12,33430,12986
3228,12,6031,41220
3228,12,14377,337
38675,9779
1830
20104
31087,8724
6667
30412
614,12,29646
16437,8515
889,9
24248,23099
36912,3569,1538
2239,4359
739,12,8056,2655,1542
3329
18592,12,4684
46687,1258
2679
3222,12,26061,11356,4298
3833
10960
11,32981,2577
21835
11,11594
36987
2274,13931
10614,9,786,12,18076,8273,225,14768
2956
1114
8944,28885
9486,24015
5516
434
32389
1255,3157
23409
31,10371,9396,31604,1899,337,1901
31,234,2620,7
5705
37903
13,15924,299,12,4483,10156
13,15924,2849,45260,10156
3539,35492
40001,12,4897
2609
19214
754
8151
19251
9280,2368
6089
6292
253
1177,19297,15911,5003
14878
6878,6929,3349,37215
6594
11170,12,32982
7345
8286
1778
31381
36451,12,805
4271
6943,16782
4176,9
855
20719,8457
42407
1029,23462,30904,12,805
21044,36006
2123
17941
9843,29876
740,15362
15855
4050,9
2026
39718
2261,13
2280,37639,14921,3041
2353
19489,13380
7478
34228,25286
25,157,25,540
32,2333
2082
277
12847,24723,29
8,4298
8,6264
8,14660
25771,2369
4374
15059
15517
899,7
20372,29
10,39217,2236,8
166,1455,10,937
166,78
166,6190,5,304,9
166,8933,80
305,6850
7437,534
4423
598,617
152,467
152,16
20,819,9
20,12549,8194,9
255,4186
5149,111,574,26770
22753,13123
208,16329
12499
1209,250
10193
2306
374
44304
6207,13877,44166
226,3603,12,805
2978,9,4655
96,215
47260
1859
9870,2156,52,6581
8575,12,673,1069,9663,41243,33425
274,33893
19020,21117
660,3626,1965,115,28
6015,500,9126
195
111,10463,387,12,316,111,8105,387,12,2156,8
111,574,26770,12,740,111,25733,387
12801,8
12801,111,25733,387
1364,36700,24625,5846,15,4087
2136,12,10770,1916
58,355,7,323
157,12,30764
3434
28312,15362
4874
15958
5130
3496
542,16101,12,25376,26076
542,4945
542,37250,1070,2788
9620,12,6445
29691,12,337,47549
1907,12,879,5000
498,8,37920,20631
6680
18632,8
41853,8
551
18029
45362,12,805
45774,7257,3435
42662,25286
2422,35930
3649,14
12246
2849,4182,11667
9825
4964,7
1359
27697
2078,12,658
6864
1300,12,39114,1070,4388,2775
2643
592
98,25
6921,1825
23805
36789
9629
11305,28696,843,1617,111,25733,387
2835,645
1707,8186
27949,4484
33819
1430,7
235,12,3730
12989
38463,7059,11440
5799,5685,14578
769,19217
2703,739
4625
29536
5056,17528
6087
6216
1976
44779,24176
1038
2460
41834
4116
43676,15557,12348,2485
819,9,8162,4,401,7606,111,574,26770
16710
9801
46563,12,281,12,17452,27345
33771
1633
65,1472,228,9843,15644,15306
9,2730,8,1270,3198
6444,6995
786,30650,1766,7724
117
393
240
14712,8523
766
7628
10563,13
55,5693
1421,12,805
1421,3044
11134,337
1716
1131
3099,38933,4086
36173
11440,11,930
872
356
516
533
6270
5933
2084,5471,415,1938
981
2655,12,805,8,9624,4230,6196
696
21398
3222,12,37250,2630
12038,11534
8135,7
17886
16548,8194,41722
680
11,1111
18662
4356,176,571,3275
18785
1050,12,36327,10405
750
6605,13591,11440
865,12,25617,3880
1134
7961
2388
11267
25187,45816,1571
205,23
213
14569,29981
851,10
31,61
481,2136,645
32480
4828,1809
8243
4460
2564
1905,5043
34444
11560,8612
2778
36786,33101,15716
5239
16369
190
38933,4086,11,3099
9094
1169,30
4296,36635
385,42936
8617
37178
3854,9,1901,8,15400,100
41444
2332
3373
5485
8964
1135
47265,994
9072
6723,4189
32709,2192
30673,2630
9961
8085,63
8817,27824
2116,12,46400
1412,634,4935
10428
1042
35847,588,12,14742,24684,9126
5656
21044,3252,877,13512,994
26640,1750
6336
5468
16759,41983
15224
14526,16797
1029,12,23462,30904
18016
1380,4945
40286
1649,254
4453,9
1984
8191
2576,12,658
45411,12,90,1638,1290
20229,13771,10904,11170,111,574,26770,12,163,1729,10644,111,25733,387
3298,12,1116,12,30938
10948,12665
3881
3124
443
9876
8,47041
8,11948,9
8,46533,3435
8,12673,17369
8,5581
8,7994,4,401,7606,4067,13
41,2782
41,3112
5353
35566,11
5026,7
1271
3031
166,5389
166,617,311
166,1701
166,10992
166,1119
166,908,41,38794,31249
166,1100,5,936,9
3060,1916
468,15153
382,500
1596
9494
6354,620
598,28754,84,5448
152,2225,21037,10,7708
20,2528
20,15603,6315,817,304,9
20,2225,67
20,3280
9130,762,16782
35224,636,2777
3646
4665,2156,52,311
764,2659
12723,565
27893,154,3156,19,13171
11800
248,3376,12,398
4985,250
221,12,25388,534
221
1793
31736,597
12817
6434,23907,30,5
16950
4436,17558,46264
2454,717,6486,24789
14969,41737
3957,565
5115,18097,811
23614,3450
23614
226,4794
30067,6850
229,1350,1725
47139
2960
33995
289,3888,534
289,16261,12,805,15836,6694,2403
23770,31901
22783,534
11921,534
286,15582,42,936
33608,541,530
6513,1459
3015,15528
1590
211,4186
2912,46283
29586
163,487,1421,17294
17307,104
83,200
25606,204,111,25733,387
4832,2829,10295,7
290
6708
9633
111,574,26770,12,25438,10,1416,9
111,574,26770,12,939,111,25733,387,12,49
480,1241,2198
2156,61,16,10451,7
7606,5407
