5
10
8
9
7
128,29
16
14
11
24
25
19
41
822
63
13
1569
9,5
42
47
53
28
15
2156,8
30
55
65
23
87
45
34
59
39
31
32
101
11,5
24,128,29
98
50
70
33
144
2156,53
5,822
527
205
16,10
88
66
350
54
62
3768
939
6269
5313
95
114
117
7,28
473
203
99
190
64
110
49
40
86
103
1099
410
182
169
61
275
143
19,10
5,1569
657
57
301
146
173
11,10
13,5
615
89
129
37
817
25,10
201
65,9
15,5
92
4133
393
402
109
51
12073
149
21
10,1569
157
814
372
74
308
156
736
9,63
52
171
269
4476
24,16
6197
473,295,75
4149
69
5,144
141
115
3541
1472
192
215
357
97
1531
2437
82
160
358
80
396
2471
1085
14,128,29
619
101,10
258
77
145
356
2048
14,24
189
197
13,10
11110
3501
588
655
747
31,5
819
106
23,5
251
65,9,5
150
202
232
142
8543
67
16,295,75
2679
1144
277
10,822
761
128,241
167
1368,9718
6054
1183
728
30,5
70,5
2441
78
159
5,275
367
120
380
14,16
81
444
14481
429
10,205
540
543
1050
1472,9
3423
88,5
10390
5552
9669
8728
55,87
761,9
1195
56
11605
76
284
11,42
818
1468
822,14
253
2494
450
966
128,548
2045
66,9
2170
1495
1461
185
127
137
58
1302
6717
3722
1341
84
71
465
793
59,5
7133
209
89,128,29
1569,14
42,16
11,63
606
383
313
12509
124
1375
4045
34,10
5,822,128,29
235
1364
2653
227
5,527
5422
259
455
33,57
2125
9,39
283
88,10
2698
648
575
930
63,308
213
162
22018
164
480,8
1239
107
3284
7,192
780
109,295,75
664
6056,295,75
7,146
489
215,10
442
7,1183
17216
932
128,890
596
498
28,10
38187,260
2373
2793
2156,61
42,1569
492
25,24
676
10360
5,3768
18260
513
25306
233
147
4000
2721
2496
750
2128
600
631
615,7
13074
1808
30,10
1159
409
2029
15,10
456
561
123
128,29,45
79
16,41
2316
10,367
114,47
1114
1516
2933
31236
7364
87,10
7580
2247
390
999
683
12038
543,7
11581
2087
1007
222
18452
47,128,241
10262
5,78
888
1035
1268
236
26735
16426
477
32206
765
317
2705
7122
10,372
5,169
1256
144,9
2156,53,24
22154
2157
198
42,822
823
31,10
1905
15470
1622
1060
5,276
16,98
5,2373
670
10200
16887
652
22094
997
3127
206
2254
1523
311
224
10,319
5,253
1969
216
1411
4814
172
17758
16,45
10,410
476
841
1086
240
2156,50
11,61
1351
460
3374
4780
626
2310
1528
18805
16467
130
187
22364
23,513
19,41
356,23
33,10
17504
31803
6328
14598
5386
94
8444
773
2051
3159
3269
3038
239
651
4066
7,33
1153
722
5,822,16
5,2437
961
408
9884
2956
37,128,29
25,114
10238
9,70
546
2950
5,761
892
7063
2297
13670
941
128,417
4613
5,2441
10483
4187
98,203
650
8728,5313
960
1365
278
989
3325
10,1569,14
1270
672
1386
2682
5322
2156,54
14,47
375
2040
5,1569,128,29
14816
16881
19958,295,75
30016
569
5,761,9
1109
13321
19,63
1004
5,7364
10200,7
24,473
13,63
416
2701
7768
10,1099
17662
5074
2156,190
1762
10,182
149,5
1652
485
64,28
9,5,76
4678
1508
1982
2959
103,9
342
1135
21545
5,1569,16
14353
695
10132
3156
41259
3558
1473
693
2198
9733
1195,87
15382
555
5,6197
5918
533
16634
2280
4002
40,28
1326
16,65
2156,939
7319
13582
11,39
10578
3768,8
2635
3068
455,9
183
25,157
7,109
14,24,128,29
686
197,28
1219
11,41
1003
471
519
164,7
2569
3741,636,5065
47,64
7,28,10
5,232
475,338
314
11248
24,21
1025
12058
3660
1684
604
35063
7,489
14476
15352,1630,24016
738
189,28
614
4703
222,295,75
422
24,70
2773
16801
12103
45,129
1065
74,28
89,16
2007
531
4206
8541,36040
11355
7428
2473
1493
430
2453
2632
5,8543
3680
14026
5342
263
5017
924
203,9
349
30632,918
6967
350,203
5440
70,9
2410
4072
1605
16,55
1819
909
10,527
10,828
1593
2814
1476
310
9,167
142,24
592
685
9288
822,19
1235
2125,9
8916
25,41
2156,114
128,29,144
12826
26929
1974
1081
1169
24897
1846
1040
19269
128,29,117
516
6132
1732
5,235
103,9,5
2099
3444
4566
115,33
6254
1782
3486
184
754
30,63
9364
62,7
350,171
42,65
2345,9
1318
13369,9
114,5
821,8299
552
47,128,890
3007
34,57
300
464
5,736
6167
793,12,22950
1074
303
3362
99,128,29
14,32
1579
1816
20407,14500,154
744
8263
9,5,822
505
8235
3904
11314
11857,40058
122
697
10,12509
12123
10947
144,9,5
7297
128,119
3279
6906
2579
4744
7,224
7,120
6683
4146
475,25554
4378
54,32
23814
1760
61,16
5,380
14,817
2662
1189
1762,9
6269,8
1844
30203
9515,40485
3152
3493
1569,19
7923
3251
633
34906
4286
23,63
1298
3360
4505
860
8661
9,5,275
3035
2216
5,17504
41906
12073,8
13618
5063
7654
836
143,9
8,190
36,8
7,492
14160
98,171
31368
9001
7174
1282
526
1302,7
233,9
2574
4710
3607
2215
24,34
37023
136
89,32
5,18754
14,40
12622
11522
35138
2015
24,128,29,45
447
81,5
6711
657,527
173,9
5,1086
10390,9
13938,15382
5458
21051
675
9,110
1151
619,101
5712
9066
9712
5313,14
2868
780,3038
32693
559
65,9,5,144
9,49
16,350
360
1045
357,87
19,39
1183,868
5685
1310
4146,9
14157,2596,196
253,10852
18535,34226
1041
2200
3968
562
1747
22623
14128
25,157,25
128,29,95
2939
244
1202
33228
19223
10258
931
2877
146,5
177
3841
6054,8
8806
486
10,2705
12801,16
42,16,10
12049
4406
200
10222
4158
678
2260
39,308
499
16855
14082
1328
6707
19974,12,9169
8372
27107
4719
5581
5741
2842
5,1461
1800
484
12101
82,54
9,657
189,45
817,24
1613
576
3543
148
10,1472,9
74,33
95,25
237
8386
567,12,1116,12,1580
12847
19,215
4198
31321
41406
10,92
62,11
1137
63,3768
88,41
478
856,36562
10578,7
3238
2982,2596
549
7152
2755
1471
878,86
3745
538
8375
1026
7356
2299
19369
2292,5255,2865
8309
2129
1980
15,63
16,95
2821
3325,11
12547
8613
1498
10,319,9
5,97
5,94
1359
5568
1021,25713
11179
29338
2143
420
174
2053
92,1423,9657
9869
16,65,9
30368
939,128,119
1654
3571
891
756
1548
41,2679
2156,941
802
8556
5840
2012
5940
904
9,84
24,74
11,110
36302
444,55
15651
10,2247
13350
50,190
65,9,167
28368
1386,9
11564
507
53,67
3291
23,498
25,24,16
47,128,417
1617
5,129
951
2829
3880
10930
16,202
9187
2182
2295
8708
4832,5
22057
99,24
25169
89,128,29,117
7782
37367
21280
3508
16219
15481
39802
865
14569
1950
9247
6681
4106
2386
935
3418
7735
24106
5,814
2758
5690
10364
32020
9,106
13317
728,9
29310,906
5120
1299
1061
190,55
828,9
6587
19879
929
9,63,308
1307
608
512
2156,2128
2156,53,24,128,29
128,29,67
4879
2446
881
20635
816
4298
1266
1207
24,58
1057
567
699
64,45
7017
7,213
2087,948
146,24
11653
29804
11177
70,63
8337
7154
2427
4309
566
1072
5,754,14
14,473,295,75
6255,1371
5128
63,1270
743
2230
138
2563
32,295,75
10,380
2156,150
17824
1706
14,156
14,190
34374
10663
6675
1068
1237
17846
537
14528
1955
2335
473,45
1462
593
22577
41,7580
10,588
10,251
10,9669
54,16
1732,9
12310,4399
42,76
5,1468
5,1144
19255
334
1152
9,145
3694
1669
7116
247
373
32,98
2512
3331,12,19709
14260
7603
3157
6066
602
2828
458
301,8
37,34
847
4102
30980
350,251
7,1045
5,2170
5,5552
14,939
651,9
10861
2302
43601
3423,9
11,49
30742
2375
3772
3374,10
142,9
19887
1937
11036
923
10547
1002
34501
1142
1272
9,5,1569
203,55
657,8
101,42
33,156
11962
115,28
4864
10,670
2156,600
2330
4736
1363
10798
9,209
55,101
8315
872
31411
2509
11,5,822
42661
668
11031
349,97
30666
6427
41,1946
1814
157,12,7078
10495
551
28121
17605,19650
2347
4650
6640
4607
913
34,295,75
13,42
17107
78,12,7954
2778
1412
1268,54
38187,102
3668
158
10121
16061
386
765,9
2241,12949
4533,6747
26639
1632
11,107
114,24,58
939,33
34,117
7533
31,63
4682
741,3961,1173
2168
23,70
8,648
10,357
480,25
22094,8
2333
6097
5,2087
5,477
20286
1665
986
2127
162,32741
2458
5823
11385
1144,26016
1248
23,683
59,25
4045,8
3640
10300
5808
31294,2787
5784
1034
385,241,1766
28686
343
1855,260
3881
8,172
4299
341
299
1079
17846,352
10556
6197,8
1374
3739,9
24,817
18572
11,63,308
1972
5705
4309,14595
1402
30,41
639
2156,269
47,33
32566
2813
150,5
99,16
3953
2446,7
5835
32886,2577
1639
33442
35335
2181
3587,62
14878
1361
6219
2120,7
70,225
31781
454
11415
2793,8
9208
609
3495
2710,9
1974,101
621
65,9,5,275
3468
5684
2980
32095,9
25435
6866
9164
1877
814,26929
77,24
3605
10161,5622
192,24
33709
22414
24,67
34,70,5
2173
9027,9
5390
44009
17766
7340
2770
5241
47,429
5170
5,476,9
5,1808
97,87
2085
3315
114,47,128,241
3599
4157
3950
37689
6336
1564
1712
8312
1460,7
223,5
35559
51,32
5,588
36715
6108
346
914
34147
889,1672
141,1099
4606
30041
5111
7416
6670
29045
4520
18406
741
10,1195
10,1307
2156,172
80,722
802,12,13138,14805
5,275,9
14,197
11268
402,9
197,33
4476,30
31790
15455
22802,16628
839
38909
2316,8
34,103
2653,101
13074,352
10,313
10,205,86
2056
3331
339
514
3844,9
4940
14,21
87,63
1239,10
2526
2662,149
11708
1335
27274
582
7302
24,16,10
11,70
12903
12594
11845
13074,8
1303
11676
227,5
10,1528
1814,728
480,50
2236
182,6269
5741,7
8780
10295
8996
6177
29690
7337
6538
7105
1372
5100
3975
7630,36041
36331
1353
265
12757
70,14
169,14
11327
5,822,34
2369
13931
9378
2145
1338
9,80
2743
31214
2016
1136
7360
115,33,57
408,128,29
33429
5894
5,1270
527,59
5422,9
6087
332
4263
66,9,5
643
129,7
3329
3833
29475
4200,12,995
492,10
937
26486
292
3820,19
1769
5392
1887
6565
13213,6459
15939
10,5342
8077
7,173
7,1137
7,575,59
51,128,241
5,1050
5,1445
2496,8
4535
388
1095
3686
1203
1989
24,189
16,1085
11,5,253
1197
1531,8
2564
32749,1295
12210
3780
15868
10,6717
128,29,202
54,128,29
52,128,241
11577
18672
4782
5,26735
21463
11034
694
15864
1900
6473
2301
10267,1478
2594
5473,26875
3489
9288,636
619,12,8396
6566
4087
19369,5
4504
5,4505
5,1079
16061,31
12989
2999
1839
40609
4356,3631
1369
333
444,1755
1724
10361
5890
70,350
7226
10,457
40,1153
2115
28198,705,3976,154
5,793
7019
6112
79,128,29
801
39701
1716
8382
24,128,29,67
539
4486
655,156
2438
5373
18452,8
2471,16
1108
18951
1099,1569
41,18260
10,881
10,651,9
10,2051
693,128,29
14784,1054
1155
10358
1240
2077
794
16044
429,28
4521
1049
614,12,26155
13585
38279
617
31005
5004
3776
38734
593,7
7859
25,143
5274
8,3722
52,128,548
21,295,75
36112
7,356,23
209,360
5,29310,7098
14,24,16
1686
3860
1403,12,22035
191
2530
117,65
2139
4281
356,23,5
63,2437
18478
7754
9097
3567
33472,1342
6770
263,295,4712
435
5723
15304
809
6043
19720
41,3025
35499
1141
16123
885,2279,5084
14,3159
3372
1763
1569,15068
517
30524
4863
3033
41528,33591
1368,1529,397
2272
421
736,2617
28342
2048,128,29
32,350
814,1569
1666,16
2156,61,16
3312
62,15
185,15
892,9
2820
2749
8543,8
160,13825
15352,1630,4040,5183
739
95,277
5823,1827
959
2317
5886
2378
38984,26709
2976
29224,13738
15800
2175
7920
4194
10,24897
1666,53
19958,295,75,28
28792
1828
5,672,9
4889
7421
18105,5564
2600
9761
38565
558
930,8
40524,13659
11,4402,9
28242
34,156
5500
11110,8
11926
31063
53,3284
124,7
7189
10,1402
2156,648
2156,50,190
128,29,402
1656
39616,808
1224
6941
579,15362,1943,4147
842,1073,337
20853,5257
6718
10512
8840
985
410,55,87
5933
24,40
16,393
2181,10483
13366
18229
1383
3050
13363,28191
1146
145,10
5466
36,50
36607
1289
35803
16933
36653
18482,927
5426
1313
2400
6356
3344,9
2039
540,87
488,21557
11,5,169
2323
11216
4617
2020,337
674
10,1375
10,828,9
128,29,1085
19,615
2494,5
6430,7
5,3543,9,110,2418
87,932
6152
7945
683,456
628
1236,20948,4468
2956,8
689
10571
619,101,10
284,822
2140
31063,352
11236
2471,8
5396
24611
28609,21210
8,3284
966,1782
19,70,5
157,966
30853
12325
5,7069
5,3768,32
4284
4084
2014
11586
1403,12,2028,922,13907
26
775
16427
14476,14
13960
1455
2968,13533,154
2638
24,74,28
16,157
963
1733
9069
4338
2490
11240
23694
1683
16490
12308
25,51
38187,1253
1065,5
10,8543
10,891,9
3046
5,11581
1612
2292,29093
1010
6187
800
181,5906
6667
2655
95,10798
11,5,1692
10728
1441
1032
2653,101,10
1007,8
159,7
12028
6635
7457
1971
3528
10,14353
10,2793
10,2310
2156,53,67
40,6009,29
1104
169,350
5425
10619
7,619
383,14
5,471
165
21881
8694
980
7047,2650
41283
16748
2119
6822
28668
14860
81,12,627,12,8766
393,1341
203,357
7458,1688
20183,15
14026,5
7321,6320
24,16,295,75
24,128,29,95
9473,811
3150
11,69
13,5,144,233
33639,16170
3238,9
34280
3030
1254
7764
920
2992
4453
2576
10970
679,14
11789
1503,7
33010
41,793
480,53
4420
26388
2661
4874
98,1099
5458,8
1481,1115,13802
2045,101
29836
864
24587
1523,10
956
2086
17205
38677
4730
1236,12336
1144,8
34,63
26757
1255
964
1575
4501
2781
2021
3473
2048,892
4007
10513
741,12,38428
70,59
40587,6255,1371
10,16801
2156,3486
2156,53,24,16
128,890,28
9574
7,192,24
5262
371
22869
26556
15923,219
2866
3487
588,12,5367
285
3364
15,5,2441
117,2980
1375,8
13317,1569
21195,179
442,24
24,21999
16,269
20898
1420
11461
15828
3977,2401
3230
3741,11529
14827
2671
25,6269
11419
36530
10,650
10,4187
2156,217
1924
542,13028
7,4521
1958
2434
2441,9408
10947,14481
936,19
97,3541
4388
6138
762
18686
6605,12,9547
20184
2073
2105
15514
21508
3187
4100
8,460
10,22057
10,538
2156,1060
232,9
1006
19,117
99,52
17888
350,747
20522
5,527,16
3165
3606
1094
8777
6255
18505
18809
50,45
1085,55,87
1591
26600
13032
475,5247,2614
2084,242
63,2087
16,67
8450
18662
939,21
141,203
24224
120,7
5450
8333
515
15947
22623,1825
2226
27566
9240,2855
9212
3741,2160,154
907
7494
2003,9569,9547
2092
14082,9
10,1086,319
10,6900,9
128,29,269
966,10
40,465
2445,13
3143
39093
9515,22724,2650
746
23681
7,11942
5,313
15567
10899
27206
22272,890,3361
2828,149
13115
42674,27400
14788
2649
2943
20902
16747
37019
95,141
16,818
38864
11,103
2190
841,9
9390
12420
5863
23,275
3626
15865
2892
7,283
206,9
20720
912
2793,352
38052,6601
15263
3556
10185
16797
4361
12177
2221
45,33
823,4703
632
32924,9173,7520
356,101
1804
63,9352
24,128,29,202
16,6269
758
239,334
164,15
481
1572
9260
2332
2698,8
4724
8613,10
3741,8014,5846
6383
874
19720,352
1548,7
10,333,9
2204,4450
3408
8875
2065
7,109,19
5,2297
5,2698
9893
686,7
23829
8921
16487,1943
1302,7,33
2441,13293
12272
4533,2403
13543
898
5956
1091
2602
2622
249
702
1415
6348,3995
1236,12231
2131
39,1569
2607
11267
5783
5313,59
1855,4663
16529
2440,18229
7814
639,5
3280
25935,7223
70,53
71,277
10,13074
2156,959
19,49
7328
5589
5,18805
5,507
2313
311,958
2441,17934
22636,24262,833
4066,352
2038
2225
490
9,301,8
45,350
45,615
583
156,162
1236,6909
16,2299
40579
5329
856,7870
1559
3838,5039,9391
8180
528
2196
768
5717
6585
1925
2120,23
5353,7
1606,62,7
814,822
10,611,7790
10,6587
10,13321
2156,905,1937
2156,1135
8020
634
37030
27472,8845
28090
7,6647
6989
42,1569,16
89,128,29,1085
6143
5702
3681
12840
12438,15
2532
15,9806
42475
146,42
11498
2777
28369
15163
1236,757
16,1622
21504
30740
11,1728
1050,2574
39,2437
19222
1197,62
821,18230
205,11304
9256
1905,2453
9845
1170
24234,7223
1846,4149
2783,9
7134
39546,1399
2868,7
143,1569
1285,7
10,2007
74,33,57
439
14580
8419,33252
5674
42,527
106,5183
5,3157
5,6711
5,41259
9377
10117
9215
22093
21820
7977
2886
9,284
662
4412
657,24
685,11,5
13301,6082
63,275
16,888
10209,26106
9594
939,74
492,47
2706
29535
1150
35591
2914
47510
4949
283,31
2406
11739,9
4002,8
1451
741,1569
25,1099
32,55
480,61
5627,219,70,225
2508
688
201,14
5,11708
1067
15835,352
6726
3311
36943,417
12200
14236
9917
22364,8
14652
29565
19518,24517
819,30
2221,254
1199
81,3479
9,442
10439
1266,12,36734,4560
189,33
614,12,5282
784,41816
26669,868
95,59
10267
5853,31287
31977
18701,43328
12903,8
3395
27499
358,828,25
5513
10986
30599
8617
12402,8299
19098
16141
1230
12385
10360,5801
21895,5144
21531
10,1498
12801,16,10
1593,19
29363,3569
182,410
2664,30715
350,1099
7,84
5,276,169
12684
1067,219
8349
22102
33937
2149
5032,40716
5940,24
931,3266
27274,8
10387
5021
301,128,29
16,3284
22602
5853,37347,12986
41528,40584
11,143
11,10,150
12073,1672
213,7
12358,2617
31,145
303,11
511
28504
465,24
43733
9250
13412
7400
32817
35708,12106
7921
5523
24278
3212
3220
2205
30,5,253
25530
25,205
41,11110
566,5
11807
28509
10,6675,15,110,652
10,822,59
232,997,42661
23584
4072,66,7,28
7,1323
7,478
5,4678
5,3251
14,269
34258
23810
9281,2832,329
12827
21280,9
638
36182
31373
181,6695
6647,5
15,63,308
15,39
9,664
3334
5832
410,822
11,5,822,128,29
28462,868
38971
2029,201
42639
15971
159,13825
4768
42507
4096
4069,9
512,7859
142,24,128,29
3639
10,5074
10,6967
19,69
77,47,128,241
8240
4265
89,16,10
5,8543,8
5,3159
5,4785
9231
1930
22696,705,1696
579,3109,808
15923
1122
707
6549
579,1829
671,7
35114
31930,1827
16599
2555
15306
25097
475,23521
4710,6459
14612
156,24
546,13,10
1532
10267,324,1855,260
16,10,822
457,5
320
12293
3541,101
822,117,853
1955,66
26005
3013
28021
1897
26280
14752
18664
2048,709
3089,2456,22048
23,184
25,114,24,58
932,53
552,19
4374,1672
10,28368
10,430
480,114
2156,3284
128,3083,29
648,277
40,989,47
20310
748,34457
1732,9,5
19850
350,410
5,16426
3817
10258,1159
29499,12,397
197,295,75
26878
20455,9
21556
7371
11857,17699
5263
751
9,997
127,380,5886,821,18230,3312
39589,219
4133,32
28241
25591,9412
13918
3549
1159,8
24,1364
939,128,119,45
39,4505
39966,9412
15934
9214
13,10,822
3541,59
2415
2653,55,101
13185
15330,7436
17843
1874
4149,59
22400
1462,12560
2702
595
20610
3354
33947
6162
2037
2927,254
5670
8,73,368
8,14160
41,38187,260
1157
11756
10,1298
10,6755
2156,1839
2156,53,939
128,29,819
17694
2372,62
7727
20310,8
31937
7992
89,128,29,402
5,1086,631
14,948
31158
1400
13116
2012,160
1514
4909
197,33,57
1818
1430
21772
5492
16887,8
6515,19
20717,927
1530
4133,101
3136
7758,19864
30461,808
697,11
6901
2514
1212
10209,1173
6889
69,301
9776
1531,19
7619,5649
8794
36340
3304,1843
3871
2254,4735
4296
528,7
385,1584,1478
1537
16426,8
2916
64,129
15239
1087
3881,7
32,258
3901
70,225,128,29
59,5,822
59,1085
10,6430,7
10,2632
389
128,29,3968
12801,50
11036,8
12669
49,3768
5,76,128,29,275
5,6797,9,70,4606
5,8543,128,29
5,736,128,29
14,189
31046
17750,7
12405,8
15240,5580
33405,1075,23700
40568
19038
28159
1403,12,22035,352
579,11485
11604,9,668
3508,8
476,8
13541
22910,9
32806
50,80
9,5,1035
1085,765,9
20175
429,33,57
15558,5444
449,1545,30964
16,141
16,258
11,42,822
3169
3156,8
13561,26842
2480
1050,145
9069,1120
6269,822
29310,906,87
13,167
22999
1232
676,14
2113
20135
4000,923
148,5
473,295,75,269
2933,5313
385,895,2089
3474
10796
4192
2273,19
8758
53,202
3610
5378,7575
1959
33139,1527
41,818
42157
935,9
10662
4285,700
10,12,8458
10,2297
10,2821
2156,53,37
9800
9684
12419
86,66
20522,268
42,16,295,75
5,15956
5,822,473
1296
40574
16391
1994
7502
1622,142
6590
1179
10064
49176
9,596
9,485
9,16805
9,145,10
9,5241
1085,11
117,1280,9
220,7
92,822
1569,655
4093
210
30864
6640,24
13719
19241
7079
449,24452
11071
24,1516
21490
42494
11,171
18701,119
26395
3022
723
10954
1102
372,822
15039,10776
856,868
26044
7289
38626
385,1906
4149,19
31515
5418
23377,28201
9320
3446
4709,282,279
9876,605,1264,28504
136,5
2093
2134
10,16219
10,319,55
10,822,19
10,367,17216
480,45
2156,2085
2156,442,24
2156,1169
3331,73,19709
19958,24358
2508,62
1680
31550,25373
38691
22438
16208
5,2345,9
5,651
11818,7
44817,9997
19907
28121,11
2849,2911,5992
9316,37429
2428
34034
3758
5864,15
27311
20193
1339,62
4476,32
2242,868
24995
66,9,39
4288
31861
15,569
23732
45,65
5907
340
55,747
27056
11728,5073
251,71
410,55,87,10
16,1256
3997
29996
2274
750,8
36236,1571
259,16
37,7254,5580
4157,24
26077
17382
6269,1569
31,65
6664,2389
78,822
36021
23694,25
364,4,90
2982,267,26427
24564
8964
4098,19
6308
16253
29224,811
745
2138
3738
26248
1099,822
25,24,473
25,444,25
5240
41,1946,8
10,1656,7,2145
10,2950
2156,53,24,67
36,53
3418,242,128,29
549,50,45
52,70
3279,8
5130
14899
8875,219
7,1642,19
3405
42,86
5,1374
5,129,631
5,722
5,1808,9
1137,47
326,28897
29237,5069
12495,260,31119,19490
202,28
2686
6661
2705,4476
25342
2971
30204
8447,5557,329,47129
1789
18318
16372
65,313
65,64
37161
33414
9550
39802,8
817,62,13
657,1652
16,1195
1911
1171
13113,6608
821,4405
2029,24
1056
2342,7904,808
4246
8151
6942,9,5
11870
1262
31715
13258
1494
3931
10691
2008
1846,1569
5861
6556
2123
15678
2771,19
1855,1243
1022
8038,1766,10390
4120
9881
30,169
12095
4081
23530
4887
380,12,9806
38109
3122
34165
70,5206
15056
10,9049,9
10,1569,64,28
2156,20425,8
32275,12322,4735
2416
1528,7
1381
33622
32539
7,278
7,109,24
3229
89,128,29,45
5,2373,1569
5,169,24
5,30016
5,2682
5,4535
13554
7475
1239,47
28635
32477
98,2679
18369,8
10762
21841
278,11
7231
2850,5229
13207
584
17758,352
6255,763,8347,3343
910,42472
910,7474
269,575
181,7414,1848
34209
5343
5197
8546,1728
1974,66
9304
1021,25713,4251
13940
786,12864,10757,337
295,1725,17084
5679,26709
313,45672
146,5,822
30193,877
5738
95,615
28068
1236
63,1002,2437
16,2793
31214,8
20898,7
1411,15
4049
6664,4347
22789
3598
78,12,958
822,334
17850
7630,1253
7585
4803,18554,22802,16628
4279,705,1250
5544
263,8750,1916
385,18045
6170
10688
28052
10902
1542
23,5,276,86
23,5,5623,9
23,63,275
8,4277
41,8372
41,32749,1295
524,13315
524
13058
20372
10,6755,9
10,2241,12949
291,107
1617,8
3874
3360,9
1802
5057
3867
42270,1439
15686,12,179,12,2871,1951
174,19
7,679,14
5336
42,4066
5,3860
5,537
5,455,27121,219
5,78,86
5,78,65
326,19112,1696
15240,1538
5025
14657
11235,548
2012,66
592,9765
27570
200,4539
2866,12,25175
929,13
6346
16418
20752
27301
2654
1256,203
39118
9,99,128,29
20146
117,55
3757
1569,14,128,29
418,124
1508,12,282,4179,7790
657,11,5
34478
981
7923,12,995,12,462,6998
1236,20948
24,1523
29727
25362
4047,9764
11,41274,868
5207
36236,9997
34,410
11402,4783
5188
13,70,63
1905,12,16096
1447
6376
28021,19252
2024
2656,19
8541,36040,8
30817
486,5
16051
30,44009
46924,858
24611,42661
1099,1114
4188
9818,15525
15095,337
25,811
29480,1342,833
32,1622
4102,31
70,130
9796
10,6587,1569
10,205,1569
2156,4420
2156,1605
2373,9,70
12320
40,2254
8378
2408,219
22090
7,311,201
7,1108
7,8109
10161,5622,8
5,16259,37254,9
5,247,10361
14,924
14,24,817
34501,1571
10268
999,9425
98,203,25
79,16
18056
20979,1250,2204,4450
7040
17050
15655
22849,8
2738
66,89
50,277
1273
129,65
15,49,308
6444
2775
6329
144,9,70
55,3722
1131
817,13
4161,7
13503
1236,15373
13509,523
14917,1173
24,202
24,16,45
24,115,33,57
16,7533
16,460
36414
8725
11,5,1270
11,1707,9
29227,1506
34,626
27243
4443
4200
205,3501
164,13
492,24
23409
7690
13,1495
20145
2419
3555
15167
20923
12234,9
385,1657
626,14
6717,59,5
109,45
27687
5830,10
17756
3836
13426
3977,1906,658
6670,10
7932
1312
4453,9
64,2855
24764
1803,32353
137,24
14525
41,14878
460,14598
9829
71,10,150
814,26929,8
3042
10,17750,7
10,4406
10,1564
128,29,460
128,53
47,128,890,28
173,9,1808
19,129
19,3739,9
99,24,16
748,5810,8697
21085
33820,30
326,7150,808
1567
5,936,19
5,310
5,36179,128,29,950
5,2569
20072
11415,352
29384
7326
402,780
31675
6707,6459
4334
22848
278,9
39336
2866,11845
8447,858,5326
31368,8
8121
4066,11
7058
910,7042,857
37578
6573
7006,4484
12810
31329,119,9216
117,948
823,358
1569,396
1569,1386,9
475,10147
162,1178,12657
1326,8
5909
9227
21991
11,34361
38794,31249
1736
11,754
1320
39040,636
5868
1050,5580
1050,3423
2303
1368,1529,397,128,29
1751
31,143
3519
2342,8459
21317,29
7630,6568,5
6218
2254,42
13911,5536
1135,63
7009
31163
9326
740,15696
4758
7814,9
909,12,463,12,9830
4003,18137
124,23
36512
30859
41,793,12,22950
38147,4405
30889
10,11314
10,32886,2577
10,3251
10,372,65
10,619,12,8396,1569
10,2721,822
25606,24,128,29
204,6294
2156,3007,648
128,939
22758
157,12,34095,196
52,32
1319,9
748,5810,47650
182,1099
8818
3211
5,2373,761,9
5,6641,1054,3342
5,931
5,665
5,7844
87,655
602,5
11235,2987,2292,5255,2865
11235,2987,842,1073,337
4922
1715
103,205
8283
3627
1302,7,28
6062
6549,940,910,7010
14233,5332
14613
1487
5910
1166,127,14638
1348
6197,1902
6197,6538
3744
6044,8962
65,12,23944
15009,6721
45,1341
92,1423,9657,343
1632,5580
2523
6485
144,533
25591
156,123
5394
2638,5
27942,8
30498,19
1109,12,18948
19813
848
449,1115,710
8128
24,11857,8845,7
24,531,28
13084
27810
11,757,11010
11,1319
11,5,78,317
11,10,251,86
11,10,205,169
4744,14
114,52
43063,30321
9360
24418
17232
4978
205,2956
205,1032
5188,3121,117,4,112
17275
856,6352
4163
2598
2157,14
29107
444,438,3569
17545
10199
1823,705,7060,2478
36021,352
11952
1177,34719
1249
8597
7962
1778,569
38594,1290
1935,338,4347
16658
20129
1486
19656,2987
8089
4986
1855,42938
2148,7
11051,29,10197
23667
836,66
31997,5065
28007
39205
33396
19925
8842
2237
32,747
45024
38187,260,4002
818,25
5439
9077
10,13369,9
10,2143
10,35063
365
2156,3408
542,25683,18911
28363,4352,4735
1139
42,822,128,29
42,1099
5,447
5,20286
5,2441,17934
5,38565,9
5,38951
5,1579
5,94,13301
5,6429,8
5,1050,4780
5,237,28442
5,78,822
5,385,7480
5,1855,877,1180
14,51,32
5231
25057
2948
326,26252
16868
1690,12935
22157
17605,69
3625
278,12,658
5453
1403,12,29704
8447,119,3967,329
18443
16785,9554
3429
27606
557
25633,890,1342
11923
588,301
6539,5
10947,4149
12760,13991,1827
816,10
38105
11038
582,5602
375,11529
3737
38394
27403
97,485
9,5,276
8372,8
45,129,7
45,2773
12898
475,25554,10267,1478
20100
8382,69
1030
9219
10267,2401
63,3768,8
2679,3768
19166
1368,5361,219
9910
5179
8731,12,605,18723,154
39725
4435,354,352
17555
9330
13134
33564
1929
822,41953
31621
444,350,203
14958
9280
2984
9027,9,5
38910
20407,14500,154,8
7580,352
1351,1672
39708
1365,7,1183
24381
473,295,75,1341
11783
8612
4768,25
736,475,25554
2698,7
29244
15073
2599
36190
23533
3674
1118,7
3741,25339
27094
15401,219
3406
6056,295,75,1341
6219,4696
227,106
2003,1506
16275
25,2705
143,55
28805
32446
41,5784
41,4194
38187,260,11637
1390
17327
10,182,205
10,7782
10,21881
10,1969,284,822
10,7511,9
10,205,65
316,12,180,12,279
2156,454
2156,4682
47,128,241,546,13
7725
34858
19,2710,9
99,12,1594
3953,8
39979
21,55
182,614
35256
1528,527
350,205
5,37813,3956
5,23674,661
5,8375
5,11248,32
5,822,1364
326,1584,16864
2422
215,25
6726,11
19049
13593
3925
10663,9794
35003
4191
36170
3880,5
33107
1875
2188
588,390,33,23739
32053
21191,9
23520,8
27215
7634,160
1021,25713,3418,242
9,5,527
1440
429,95,28
22283
189,33,57
24714
1236,7560
24,128,29,1622
24,128,29,269
16,13074,8
16,1819
5533
11,5,235,317
939,101
37769
39,220,695
34,393,57
12280,4663
29294
15324
205,5552
6269,9013
13,258
28716,5193
16855,8
822,59,1197,62
35439,13014
25931
3827,352
799,2084,35546,7619,6629
4073
14659
6717,40,28,81
2982,35750,154
9969
12507
19955
30213
4865
20105
5475
16126
1119
15813
7323,26388
24613
7576
143,169
20285
8,16801
8,6683
8,3668
41,674
2936
10,527,14,128,29
10,7319,25
10,948,9
10,457,4039
10,1099,1569
843
2156,8,648
12801,53
47,1057
6737
3331,8
74,2703
232,33489
27487,876
4669
885,36664,4543,23011
885,1397,12713
18965,1193
15033,66
7097
4727
35492
1706,5,253
7,1644,128,29
7,3581
7,4883,14
7,3008
13515,8244
51,58,11
5,2373,822
5,326,7073,26265
5,18701,43328
5,46924,858,3599
5,275,9,106
14,1411
5889
19022,2368
6008
892,11
3651
4780,9,5
8921,28378
6116
4010
103,4133
2793,11248
35945,9
19038,8
3989
40853
5305
28173
26,14
1522,2883
24888
9749
910,16187,8385,24345
15950,3512
774,9
4533,298,2089,128,29
10185,7
9180
14665
35554
7756,1975,27680
582,858
28367
25445
9913
793,313
7452,42317
122,8,172
45,513
3486,10
786,8287
295,1725,17084,32715,459,1409
29596
1569,657
55,10314
55,9669
16857
2289
7259,254
475,25554,7458,1688
41724,30340
7319,6601
6616
817,201
251,15
8567,11
2239
784,3994
9090
16,10,2814
8725,12,14853
335
11,937
11,1285,7
11,10,538,1569
15296
4812,12,3865,31597
2480,12,90
939,10258
141,1120,128,29
30178
478,1371
7433
24666
19222,352
40504,3512
205,1472
5921,1452
120,42,631,81,19
821,2816
29310,7098,8
27396
887
29034
7462
856,3361,1397,225
444,357
3352
3335,636
364,254,5846
385,705
1393
30645
218,22015
109,2427,7
17534,2963
12626
5824
740,11282,219
2811
1465
512,2262
14039
64,185
12601,338
28423,14856,10609
741,24711
57,89
1099,2410
1928
23,358,1004
25,24,4265,24,16
4709,2553
10,2911,24997
8,650
41,22623
8263,822
2329,368,4735
1316,9
40902
59,42,1569
10,7735
10,23317,4780,8
10,531,12,7048
10,33589,3569
10,1372,3558
10,205,1050,145
22209,10556
22209,124,527
753,212,12,11046
2156,3783
2156,53,45
3023,29061
8020,596
624,5
14778
3072
157,8337
182,588
182,505,1622,142
21969,13728,6645
29380,30,5
14536
350,2773
7,224,14
7,904
7,8386,15
7,28,205
3553,27745
42,4814
383,62
5,2441,9408
5,4607
5,14761
5,3065
5,11581,8
14,16,888,6269
3055,4308,8645,4183
3685
18802
326
7149
5116
13227
12664
999,18526
2414
12490,2084,242
29499
29807
6476
1481,260,43673,42639
38482
2045,28686,30601,14483,811
8447,4791,23926
32264
23550
3987
19327
24670,154
588,14131,29
910,28507
1341,747
6907
5647
33554
20893
65,76
65,9,5,2373,4133
9,63,7675,330
17145,2553
117,219,1755
17428
92,1423,9657,20887,443
240,12445
2750
475,18724
4133,59
28404,19117
19300,293
27599
13418,37366
614,39457
2217
14018,219
1415,101
251,1613
27856
2084,605,354
540,59
2084,242,128,29
7923,4735
95,45
15345,12,27471,352
16,14353
16,295,75,1341
16,6269,8
16,18452
35727,7223
11653,8
11359
9473,2071
11,358,6203
2480,1046
939,222,295,75
939,524
2864
259,2156,53
15935,1439,811
2173,910,23573
372,5552,11402,7059,24
5120,9
13,417
13,162
78,12,958,736
4206,304,9
32312
11110,1569
27460,5
41106,154
16105
39851
473,98
16573
24297
24234,9997
19762
10767
744,7,5278,3036,17414
7172
1248,1569
39245
17626
24219
35501
21177,405
5217
17944,1880
343,30,5,3342
34600,1634
834
741,16250
3291,66
1518,9
12152,29
5276,4742,1827
28410,7085,493
3059,19
2080
22534
4709,15021
41,858
41,14414
8,2119
8,559
8,1029,12,9408
41,1488,2839,5580
5180
17338
10,7428
10,12826
10,2526
10,25031,92,65
10,695,11,61
10,23674,661,2156,53
10,1763,9
10,33696,8312
10,5823,7,1183
10,6317,498
10,699,12,17178
290
733,620,3220
6200,29
2156,37463
128,36,6193
110,4091,438,128,29
47,128,548,57
39654,154
19,103,17216,8
61,24,25,37756
169,417,42177
182,513
38958,352
35237,967,868,3768,8
3276,7
29491,9512,352,8728
7,3866,102
350,36302,8
7,3068
7,20607,62
7,1733
8870
5,1141,8
5,2892
5,542,2650,506,7491,2156,5853,1657,2070,1827
5,1907,9
5,4792,3238,9
5,15444,19,999,476
5,5552,32
14,393,1341
14,24,3587,62
3235,4735
14991
4140
6897
44079,7790
26130
103,11962,3423
98,543
2828,149,42,65
765,15
16762
2754,579,1742
15583
1302,17319
34797,12,658
8728,5313,11581
11299
2851,25170
30159,8
14236,201
12456
26701
33539
37338
1228
12760,12,8813
233,147,1085
18234,1696
1616
129,480,7844,998,1569
65,55,86
683,11,10,150
9,2719
9,418
9,2943
9,768
36067
17358
38371
20941
1900,30,1530
203,7,5940
30337
55,10985
14926,4393
18882
189,2045
189,45,33
475,13225,1173
28648,16152
817,42
36171
3315,7
483,225,8
23525
5609
449,12,1646
5823,8
63,1528,12,560,12,5367,3768
63,2496
63,477
63,6644
24,1572,47
696
16,295,75,95
16,2198
16,2721
30829
1194,19
5927
27874,354,15589
12099,1848
11,63,1270
11,38187,102
939,802
141,12826,21153,7767,154,70,9
3712
750,8567
239,3474
7788
244,201
4851
457,41,1946
6210
205,1326
205,814
821,1657
164,149,5,23763
39202
13,103,86
78,12,4684
6155
25310,12,31029
20539
8785
4682,14
7476
44256
7580,615
3803
13774
1683,154
159,30
19899,9
218
473,410
222,51
38594,1290,811
8439
1276
7000
31250
3231,12,27952
44072
9549
606,62
283,7,6872
2789,7
3741,11529,12,29112
4187,8728,5313
25306,6305,9
2352
1855,4663,3152
16765
1855,260,128,29
6794
32162
13363,1879,1626
27644
4649
23,11928,5995,19
25,157,25,65
1808,19,201
5848,14
32,156
32,95
3253
6992
552,5,169
70,350,2950
935,15053
9724,45215
2163
17872,10776
16091,2192,8
1065,5,1079
10,1375,8
10,7337
10,319,24230,87
10,23532,11,5,253
22209,11526,14
25606,45
155
2156,28198,705,3976,154,26274,22442,8
2156,2532
2156,905,1937,2639,66
2156,21844
2156,26486,117,705,677
2156,21473,8
2156,6254,932
19,12073
157,12,27057
31554
514,12376,4462
2494,42,822
236,7,28
1241
5030,268
542,3662,18957
2842,47
7,1217,10,1569
7,127,372,10483
7,213,53,159
7,28,2679
7,1877,145,4984,25
1856
802,12,13138,14805,8
42,15470,410,181,20885,9
42,3722,512,12,34427
383,14,156
5,2373,480,8
5,2931
5,43791,1499,8453
5,775,32
5,588,631
5,936,16
5,18318,9
5,16022,36139,9
5,4472
5,4286,9,872
5,35341,12,338,39674,11581,64,904
5,1451
5,22067
5,38109
14,2128
14,948,2156,1481,27313
87,10,1569
4952
7366,267,46739
1239,946
4045,2156,40602,8921,9
3514,196,1173
31083,14186
15718
11235,2987,29
1095,19
1413,12,658
5612
10258,1159,132
979,9,5,15429
579,15362,1943,4147,128,29,275,3541
98,12,2527
98,26654
98,9669,352,19,201
38052,906
910,24644
1062
769,2362
23101,7
18108
1639,5
24097
2621,9
233,147,402
37342
50,4740
65,9,5,275,3541
15,2242,19
9,295,2161,16444
9,22209,905,128,29
42475,8
117,948,141
36334
2574,8
475,338,4,28519
55,8263,1569
5688,266
21195,179,2850,994,4468
442,449,895,4082,128,29,1808
784,10504
2084,10570,196
10043
4976
95,1597,416
95,25,253,10852,8
1236,338
63,9699
16,37715
16,20635
16,5705
16,10,7133,3951
18513
11,5,2007,2758
11,5,651
11,5,6711
11,240,9
11,3783
9284,9
6132,128,29
69,34906,736
457,12,18948
372,3541,59
9753
40504,6601
821,2832,1506
6269,5422
455,39102
31,97,4133
13,736
3539,219
5684,63
6453
42217
8235,9
5152
23984
6128
3370
11110,10619,15,5
21483
656
3366,9
33029
4410,1794
3198
567,12,1116,12,1580,1569
593,7,145
12479,12170,3361
6064
1855,9354
18452,87
2048,709,8
9388
64,45,6647,38596,3768
30,63,6711,29,2156,8
53,18260
12095,7
39546,1399,128,29
40326,7
7562,15
18892
11117,4832,364,15291,1954,4,20242
1099,82
1099,2143
23,63,36776,1825
6876
25,24,4072,66
41,1075,324
41,18566,7
41,3238,9
41,14878,7133,1472
818,33033,2125,9
9724,18920,6510
20087,853,4735
3390,2156,8
35499,5
10,2931
10,98,12,4155,22209,5313
10,2342,368,808
10,5375,9
10,920,128,29
45518,2067,10,200
22209,10121
22209,5497
480,396
2156,29690
2156,114,129,142
2156,19046,939,224
2156,1786,19
128,29,2909,2156,50
128,991
110,13670
76,3509,13
1982,30
173,9,5,736
2508,26594,268
150,13074,352,1006,66
157,966,2494
52,747,29078,11
885,1097
21545,31005
4411
201,70
24376,15022
7152,25975,9
80,32
9544
667,7,33
350,765,9
7,3279
7,283,66
42,22027,657,527
7174,8
5,5629,12,31586,619
5,17662,24467,9
5,774,69,18100
5,3302
5,793,32,20955,219,7
5,9337
5,17504,115,31120,1899,62
5,7636,7098,8
5,275,9,69,329,2154,128,29
5,11789,1825,9,1050,301
5,29625,1236,11499,9
5,1460,7,206
14,8442,30986,9,39
14,793,2950,2157
4888
9874
2849,44205
202,5400
12297
2820,9
16268
2292,12646,19
4428,6177
7047,12,21061,154
592,16348
98,24106
98,171,485,4133
17359
5278,3432
2793,12,1627,2420
35650
14514,5,822
32279
8724
34292,34343
14375
1403,12,13529,26481
2045,7,28
26777
6910,31254
5494,8110,154
1275,28021
269,2705,5627,219,70,225,822
11541
22364,3768,8
342,47
342,561
10064,219
26047
3286
9405
15155,808
43091,1588
1605,10132
21388,13713,1951
23163
65,14,939,236
65,1151
65,1946,1345
15,103
28415
9,592
39048,27366
38269,219
5063,16
27891
144,263,16771,6608,31236,30632,918
55,87,655
2649,24
24213
5820
171,11,757,11010,5422
8375,35402
614,15,1007,2156,8
784,10990
28587
540,2679,8
3607,201
33532,1423,257
6348,4467
449,7363
95,10798,16881
95,25,203,2316,25
1236,11499,47
13509,260
939,605,1439,128,29
63,5685,3501
63,6379,12,7051,2996,8
24,124
16,8349
16,98,1099
16,765
16,1085,765,9
16,3444
16,9256,8,1844
2679,25,10
21668
4083,30
14518
11,1728,8
11,42,17824,25169,1569
11,5,1455
11,8249,9,657
11,233
11,31236,201
13670,8,8339
27726
5952
184,1569
1368,9718,4116,396
946,62
13460,4977
543,12,25457
3679
29706
4435,4822,47029
372,20224,1652
372,1361
205,383,1369,7
205,930
8079
31,2494
6664,21746,71,220
1654,4149
13,70,7768
1769,8
25310,10390
28699,241
5239
17067
190,357,87
10250
20599
24780
3335,1242,3435
14887,39880
364,7633
26176
19966
5845
5126
38442,31,5
1935,338,4347,16
18006
23802,352
19639
18389,352
28472
19656,1023
14690
43978
1274
27973
23303
1861,1809
567,149
5313,73,417,24016
13074,2698
28432
9450
16224,1634,7326,46814
2048,18281
2019
6056,295,75,5940,24
30,12,627,12,282,30806
30,122,41210,38513,1571,9
13673,12,17178
1146,7
258,16634,8,25609
24724,5160
1795,31
145,41906,475,9707,10609
1099,1669
1099,3626,930
25,16887,25
25,203,9
25,24,197,28
25,26757,8,8661,25
25,16467,14216,8
25,10,1086
1808,6459
143,9,5,3768
11792
41,29491,9512,1472,9
13836,27770
70,12,3641
70,198
935,1672
71,10,367
11129,868
15652
814,856,36562
3213
16091,661
59,49,1074
59,9069,16,372
10,27658
10,16208,1569
10,7047,8
10,32693
10,5685
10,39802
10,1030,14481
10,11843,3145,1584,8
10,372,1569
10,205,117,853,197
10,78,12,7954,2471
10,16881,5313,50
10,1881,129
10,37496,2156,2128
10,29224,13738,512,1168,12801,66
10,2020,337
45518,2679
45518,6484,13003
23513
564
1589,8
2156,23266,8
2156,1871,110,30883,8
2156,8348,39,4502,19
33103
110,17805,50,932
47,216
5718
966,10205
19,3758
19,20219
19,10,1359,652
885,2399,119,5023,254,128,29
52,216,24
169,160
7133,22094
748,19679
33975
32359
748,5810,8697,997
667,7,28
33704,994
7614
7,185,961
7,386,10,4289
7,1331,201,15
7,224,59,141
20522,47
5,33167,16885,8
5,1270,2048
5,7364,13,42,65
5,30757,35230,8
5,15654,28195,34201,31,5
5,8543,128,29,13646,9
5,26735,50,402
5,6197,817,117,1472
5,1569,128,29,33694,9
5,144,13867,8
5,251,12,18172,5074,14072
5,516,227
5,2821,28371,50
5,40504,7098,2682,66,9
5,511
5,78,65,18452
5,822,16,393,22018
5,1150,2156,8
5,16480,13348,9,390
5,8597,2045,12757
5,30213,9
5,33429,9
5,4758,128,29,162,1722
5,8492
5,275,23779,2170
5,4002,8
5,15909,12,7554,7790,1099,1569
14,47,197,393,4309
14,23829,5,2437,11
27628
87,2084,261
8470,1506
2724
326,857,15188
185,15,5
31041
14389
7501
8113,10082,268,7
4696,397
2322
9572
13596,66,7
33940
32067
19030,19
10258,14481,101
5284
5568,36190,155,417,37047
98,25169
98,5690
98,35063
411
4406,5313
7552
2241,257,4469
579,21822,833
910,7010,821,366,1527
910,687,5727
1492
235,12,22710
235,23,184
910,1594,4245
4599
25063
27111
8704
269,3035,828
26558
11619,8
910,40812,13383,24800
2677,5526
25067
27441
13705,9
12574,19291,7878,7
7006
15266
25234,352
8516,34717
7843,1873,1588
8621
675,4149
82,54,16748,32
38238,337
181,4311
3186,8
10512,31667
33083
233,4000
32806,9
4095
13013
50,1346
50,6717
9743
39584,6608
65,14,40,33,47
15,2332
793,12,8849
793,4133
160,12,13825
9,84,1230,1437,5622,8
8372,2254,4735,5851,13434,19666
1085,780
45,157,615
45,888,26005,24,2512
117,22094
117,17216
117,1280,9,13670
295,2161,16444,128,29
3763
4388,29
930,3424
4133,939,128,548,56
38727,397
8826
55,575
6950,6991,7245
6473,352
24601,119,1671
5803
429,45,33
1084,5367,1486
475,1758,1236,17864
475,6285,139
10721,1115,14726
5456
817,5,18754,619,101
410,814
101,475,25554,10267,1478,128,29,8658
101,162
101,171
6176
31473,1495
314,882
12863
94,76,128,29
4976,12,1644
449,29093
449,906,260,25069,4245
1682
449,1180,30717,8
449,1180,30717,128,29
63,4692,184
24,3604,24,74,28
24,1326,205
24,16,1473
24,128,29,14260,14314
24,128,29,16219,615
16,295,75,966,2758
16,55,2679
42327
12259,24929,1295
88,10,6162,14481
7540,31006,4735
21691,338,3648,1295
26974,1295
2712
11,42,40609,822
11,5,5262
11,5,276,1569
11,5,1420,9
11,4730
11,38187,260
14838
1368,257,6747
141,1120,8
141,5032,40716,542,424,10928
1098
39,1141,2156,8
239,12,7221
16068,2089
11759
519,203
33,555,10,2292,5255,2865,8442
34,2294,4087,1003
16534
40510,42350
205,154
164,23
213,4558
1311,11
14528,6269
30146
26220
6269,4084
6269,356,23
1531,7134,32322
26830,33576
8924
1370,47
13,5,1079,9
13,683
13,4327
7716
8146
444,6384,219
444,2671
8235,19
2713
13595
10795
5700,19750,480,50
3838,3917,7618
45536,5069
18260,9624,1825,9
1007,24,128,29,26469
3947
33472,7240
1615,46370,23315,607
364,25703,885,41849
24923
1365,5274
6790
4076
26274,415,1538
18037
14901
10348
37018,7790
24897,865,21841
2933,12073
2599,7
7009,1634
15759
12078
1029,3807,3019
24657
21044,4123
40742,17699
8933
10360,3500
606,4299
36191
4207
12479,42334,326,995
5884
464,150,2405,1528,7
464,11
1855,2001,154
4758,12,463,12,45052
24623
376,366
30,61,86
30,4072
30,5064
8347
23279
741,3961
741,10713
24895,8
10025,8
258,3362,8,3240,7768
227,5,979,8
12205
28,13363,23907
36399,8211,128,29
10905
741,1627
6344
10,4467,710
23,63,43063,30321
6990,47
4364
25,47,429
25,939,21
25,2310,12,18172,25
25,460
7863
32,182
32,258,4206
8369
3477,790
8,3284,5802
8,4780,552,19
8,464,2494,215,10
41,4566,3238,14
41,3567,8
41,7580,19879
41,15103
41,12757,619
41,12847,2317,1569
41,28445
2949
27857
814,12,175,14425
3501,16,13836,1173
4091,352
6978
10,748,298,134,639,5,930
10,23584,1569
10,3127,13867,1569
10,6167,1924,19
10,10295,1846,1569
10,2705,2471,2156,8
10,2007,45518,46438,424,8974
10,5494,12745,527
10,7063,8,5808,4286
10,1569,1386,9
10,1307,9802,9
10,4435,15373,11,110,9377
10,822,334,37340
10,4814,1050,5580,3025,54
10,15818,2441
10,28609,21210
45518,12133
45518,361,112,73,176,688
22209,11130,12,397,14566,9
14873
2156,54,6565,55
2156,2704
2156,114,47,40
2156,8,7782
4839,817
36,38691,4839,29310,7098,3423
128,29,2698,16
128,29,18535,34226
110,21565
110,24074,32
110,582,228,1217,1404
47,40,393,4309
47,120,124,7
47,128,890,216,350
1364,98,157
173,941,157
885,3937,1334
19,37176
19,41313,2956,59,390
19,1461,1571
19,41,12976,9834,7790,4066,822
29363,3569,1571
99,410
4669,268
157,12,20764
7735,139
21,3518,7,33
21,55,533
20310,14,16,295,75,38040
885,3967
3051
28792,1571,2156,2099,5422
21545,11355
17737,7742,2368
182,430,31,84,308
182,8515,9,9066,9733
21011,2463
62,13,70,9
542,26582
33572,28623
35237,967,868,2156,542,42746,2156,9515,40485
9327
3284,17534,5,814
80,3315
80,5396
15554
10121,12106
12792
24424,154
2341
2842,9
350,410,86
6328,13,10,1035,9
7,462,330,2495
7,2512
7,173,19
7,5057,7264
7,1994
7,2662,124,8,2254
7,6187,7
7,31930,36278,99
7,4288,8
7,4521,1618,47
7,33,49,1159
7,15324,12,30674,1041
7,213,198
7,492,24
7,4472,24
7,28,402,9
7,28,156,31,5350,1527
7,28,546,23
7,28,2584,409
13515,687
12826,3329
42,38677,6054
42,822,34
49,308,15192,415,25075
5,3331,12,19709,9
5,1680,37,7441
5,12310,4399,25693,9
5,6572,24
5,2087,948,16
5,527,1495
5,9377,12,330,3654,2577,31803,9
5,579,2154,4740,4476
5,11401,4812,12,10519,196,18849
5,6641,1054,3342,1364
5,2227,317
5,12378,12,102,12,90,415,1007
5,476,9,657
5,33071,8
5,1569,2292,44199
5,144,1183,868,822
5,144,11063,1144
5,144,1461,8235,822
5,10072,4812
5,38909
5,15587,8453
5,3997
5,7754,9
5,17504,2563,679
5,11845
5,3567,9,5
5,1254
5,744,9,1403
5,19656,2987,9
5,3172,9953
5,1855,3695,859,1180
5,2031,9
5,11522,1825,9,5,1569
5,1948,16
5,814,9706,62
14,2345,9
14,11352,5
14,128,29,142
40128,906,128,29
5797,990,1506
1067,7
5918,2471
185,575
29826,33254
7955,5
20744
6966,19302
14032
10896
29384,47
12103,3768
12850
1359,66,9
25156,278,12744
1413,66
2292,2629
21300
12500
21779
402,3159
402,473,948
103,9,63
13938,12,8428,102
98,11907,15470
39399
650,12,7171
650,1139,9917
3369,37229
1203,7049
311,12,620,26307,352,14598
197,295,75,33,57,156
6307
278,26235
1403,12,5489,9956
2850,139,22664
2850,1843,22699
579,47035,7821,833,242
42142,636
27600,36828
37940,4628,30
22677
910,1780,2650
16785,8447,858,5326
769,31647
26254
2851,10887
2624
269,2129,29045,2410
2015,924
1341,1622
32195
7434
43243
11857,19783,8
394
10864
1198,3109,7153
27180
618,12,41468,661
13971
2968,7933
1893,9119,118
1081,27229
82,33,685
20536
9810,929
39723
81,3479,8
10618
15705
66,9,110,2418
7996,29
33522
65,12,17376
65,182,6269,8018,8
65,15567,183
65,1149,617
65,115
1021,459,6072
793,12,8813
160,12,9179,2577
9,12352
9,5,21949
9,84,247
9,39701,3362
9,141,182,1099
9,30742,99
1748
45,2793,8
45,14061,906
45,7580
1926
117,8235,527
117,16426
32715
92,24773
92,14481
92,7125,11
393,10185,7
393,1212
16159,47140
20148
203,956
4133,14,3041,149,5
1569,12,1116,12,627,12,3583
1569,7458,3548
144,8728,30632,918
144,3169,8
144,14157,2596,196,8541,16936,5332
144,1531,284,11031,9
55,9378
55,14283
55,14128
475,3109,12106
38513
418,8,37582,12572
30389
1508,50,12073
475,25554,992,5526,260
475,1452
43721,32
34678,118
11705,45501
4760
657,2214,7
251,137
410,1669
410,12479,25571,25
13144
101,1982
301,101,42
540,6269
1267
22414,1468
42405,424,324
10717
4178
489,5,1569
1236,922,811,858,7458,1688
5226
1236,3876,3792
63,588,3722,265
63,6132
63,24897,2471
24,2939
24,910,34398,1630,7396
24,1189,28416,7168
24,12420
24,128,29,10262
2946
16,5336,62
16,45,7521,157
16,295,75,823,25,6269
16,5834,39,910,947,417,82
16,2773,25,1099,23
16,10,4045,410,1816
1025,335
11,5,1508
11,765
11,3680,5918,5552
11,4854,9
11,41,36210,3812,12,3530,169
11,818,358,5120
11,10,4435,354,352,2345,9
11,10,1380,19
11,10,1380,30,1495
30984
4703,26849,73,241,3340,10852,4504
23783,8263
13670,8,10457,1634,5
114,47,655
114,47,32
939,128,119,686
184,1937
39,1420,11,13446
36236,9997,2156,27240,9997,4299
1144,50,3354,9
13068
34,460,57
1368,10950
1368,1728,1071,128,29
4910
8908
821,3995
20061
1637,428,8365
4049,9
2364
6269,410,822
1531,2156,26639,4133
455,1946,7,3094,14
7619,18162
7208
16420
303,39552
6962,62
13,7475
13,144,82
13,3831,12,4489,25
13,9656,261,73,17063,50
1929,9
10756
8746,5260
17799
2182,17843
36762
18740,8
19587
30025
12735
3722,240
3722,1144
39581
14878,8
12638,1902
4777,11
23326
2335,7171
473,295,75,109
19771
222,7257,24966
222,939
6054,2156,389,2397,9
1887,7,3300,86
26606
360,9
33800,196
385,13749
3904,8745
6306,37241
2109
8541,36040,36715,14
8708,1855,33965,301
9712,22956,45
39597
2764,260
9669,4566,10390
13715
1029,12,16823
19662
36331,124,40377
5851,4270
16224,11527
2048,892,16
2048,128,29,2301,74,3608
30941
38267
64,28,156
2205,260,8461
6056,295,75,3906
30,5,652
28740,9
5378,687,2253,14186
3433
8084
258,18452,8
28072,2463,12,1069,5961
1925,173
24611,7449
380,523,1722
357,3768
357,4839,87,144,3541
12918,7
16467,17626,8
36399,459,1409
7340,15618,10288,356
1099,2698,8
11379
124,11,1026
11522,12385,9
4485,1056
25211
23,1144
25,203,1531
25,10,6717
32,269
5508
5890,14
8,2445,13,6664,4347,7
8,12206,5461
8,94,1136,128,29
8,37775,7396,19
8,24706
8,12452
41,17702,87
41,29727,3033,86
41,3838,5039,9391
41,15955,13,5,675
12294
818,961
20739,8
15955,7223
15955,877
2132,920,3501
2329,16248,39,284,12,21928,6197
15311
10,17824,34906,12652,9
10,2814,1149
10,2664,30715
10,2788,7
10,1690,6070,4945,352,4678,65
10,16933,410,1569
10,6675
10,22195,26529
10,17758,1498,2170,9
10,921,12,30674
10,20635,33033,1086
10,5128
10,25621,9
10,16219,17447
10,2579,2642
10,1569,14,1612,10
10,319,29310,906
10,4600,2681,12465,1569
10,3251,124,7
10,723,672
10,13177,14816,6197
10,4435,1295
10,39966,9412,7782,1569
10,159,254,8
10,2982,2596,1893,19
10,31063,2877,4710
10,17756
10,18846,9
10,13618,23153,1258,259
10,3172,516
10,357,319
45518,51
45518,790,9,426
45518,39,1816,6664,21746
22209,301
22209,2003,260
480,648
2156,61,839
2156,542,30961,15557,2156,4045,12690,9
2156,29491,9512,352
2156,23681,263,219
2156,15240,1538
2156,979,2855
2156,7421
2156,7058,31046
2156,50,34906
2156,7758
2156,10408,833,8,475,10147
2156,2222,50,3680
2156,8,40672,6459
2156,8,28339,736,2617,2453
36,295,16475,128,29
128,29,476
128,29,6085,2156,8
992,24610
110,1114,9
47,120,7,192,5
47,619,205
47,376
11314,10359,7
43035,12,10715,8
232,9,2786
1364,8694,352,157
19,25257,5353,9
19,615,814
19,41,1808,20217,14
27466
17824,1406,748,179,7611
54,222,99
58,70,81,42
439,81,127,471,50
157,2638,4187
157,3660
52,9419
42574
5794,24,159
2494,24,3607,47,821,25196
14260,801
21545,5690,8
569,177
182,205,2188
29747,3340,868
31049,29724
223,282,2126,6555
223,28311,9
223,19951
542,1671,7486,352
11355,8,15877,410
80,94,12,6406,2613
2330,25,2247
1004,15,171,82,7
326,5858
2664,13255,1033
3951,9,5,1270
24424,29
11229,5,8770,9
350,31055,219
350,747,20897
350,19427,8
350,203,4607,12,21157
350,410,8354
46736,9281,2832,329
7,2661,8
7,9844,773,7
7,29078,11,5,2437
7,181,5150,110,773
7,356,1099
7,15658
7,4949,408,13582
7,1365,11248,8,22536
7,21034,577,9415
7,8085,14
7,7932
7,28,686
7,31040,657
7,3264,24
86,3563
130,1946,878,86
42,14481
42,42475,527
42,16,6667,50,10132
42,2199
42,16467,4777,1569
42,1697,10947,14481
383,32
51,6726
51,1747,619,3668,2208
6680
49,3885
5,3240,6808
5,2136,45518,92
5,40,918
5,18962,1495
5,18754,1025,5,4605
5,569,1400
5,979,128,29,929
5,276,657,527
5,14462,9,1423,6502,1173,7364
5,477,9,3722
5,472,24,3291,7
5,1969,13306,13,37197
5,4258,9
5,5483,9
5,793,2143,128,29
5,786,3865,3899,661,11
5,786,27126,927,4470
5,144,3444,869
5,144,9370,173
5,7319,6601,9
5,2458,9
5,1647,9
5,25553
5,14798,33,2473
5,7105,21,567,220
5,821,8448,7098,3065,12,9806,1569,655
5,78,86,66
5,822,128,29,3168
5,1769
5,20425,22977
5,385,1182,16170,15339,9
5,8402,9413,9,750
5,385,7480,402,9
5,31615,8453,6219,16173
5,17766,10498,9
5,18535,34226,16,35790,22191
5,3768,185
5,14006
5,275,449,24452,822
5,18951,17216
5,5250,2233
5,3618
14,1239,350,251
14,33984,566,36715
14,3159,20397
14,3159,3477,684,25
14,1368,1657,449,1657,814,11605
14,836
14,19887,38546,9,9187
6587,1061
13271
12684,36216,8
12039
2959,16,29941
10390,455,9,37784,8
7358
31803,2156,13543,2156,8
6167,9884
686,865
1282,9,741,9718
28121,528,7
1690,19229,81
7782,8444
15196,8
1359,12,16905
2130
1652,173
554,19,10,372,18805
37646,31,5,7364
1289,219
10899,1476,81,1193,35207,960
1612,1569
21128
11743,9512
6116,2156,6556,14831,50
2167
28593
9049,1634
402,2671,87,2512
103,4023,1906,1342,4543,23601,2156,8
103,8916,2677,10126,6601,8
17380,35948
592,55,29
592,16318
98,171,3950,32327
98,11522,11
27337,219,8,40427
19474
3294
1363,8
15460
1403,12,24590,2156,747,1403,12,119,12088
450,149,5,2473,25445
1302,14756,5063,7
2045,1403,12,22035,352,33709,8
45465
2850,994,4468,128,29,1266,2827
579,13212,4494,1371
8447,119,3967,5144
8447,4791,23926,128,29
23824
1237,10,205,1015
422,66,9
1458
9884,42,2793
4533,7022
7726,9744
4533,6747,21966,7638,16191
27921,19
5753,154,7,2205
2851,2013,1942
769,35800,41,2679,6170,8
2928
6825
269,780,1656
269,6269,1569
588,7133,1427,7
1895
36579
2231
342,10505,2410
39775,636
1286
5401
6461
36216
7089
2270
33292
16887,4258,8
618,5206
4103,3252,30485
181,6568,2156,11570,6568
44267
82,54,697,11
2746
2242,4306,2617
1199,11,455
37270,225,27487,1478
66,9,3989
8978
50,396,899,7
129,540
65,40764
65,137
683,6177,756
15,5,2087
15,5,5799,2650,524,4977,9504
15,6872
9,167,157,1240
9,49,8478
9,5,483,5552
9,5,40742,4345,21463,14
9,1692,12,4628,9884
9,35217
9,1050,3650
9,1372
9,2310,1825
9,4402
9,70,4864
8720
13940,740,4,298,4,139
117,700
117,25386
117,1181,15637,5
117,20397
18657,4104
92,1423,9657,128,29,14535,8
92,999,9425
92,7756,12,3341
1546
1161,29714,16825
1632,3501
6787
25672
2750,1588,6695
38377
203,7,84,22135
203,9,99,128,29
203,1181
144,41890,4971
144,101,868
144,21111,9,70,4133
18631,261
55,3369,10223,5846,156
55,9550,50,23520,931
55,38971,169
55,16920,4978,12,6504,1792,9569
55,12775
7654,35566,8
3795
13811
3694,32324,9
9865
37927,352
2536,5467
6150
162,32741,2156,32354,261,34
189,157,28
19220
36173
2997
171,664,82
4403
6271
37653,858,128,29
6138,106
251,12,30403,2961
410,9374,16355,8,1076,35527
3000
38101
25896
101,8180,8
14998
20362
2084,8774
2985,257,1210,12705,128,29,275
2084
28026,2156,157,12,28176,3768,8
94,1035,128,29
784
2215,63,15855,930
14506,611
449,4734,4774
95,18672,22209,1717,45851
95,10798,28418
95,473,295,75,146,1472
13855,7
41906,24815
11458
10408,2463,21268
1437,18356
63,37030,10390,9,657
63,527,95
63,16747,24447
63,8235
63,8180
24,70,21
24,128,29,350,251
24,128,29,357,87
16,10262,6967
16,4378
16,2020,337,11,63,1579
16,41,21504,657,527
16,10,410,350
22845,41805,8
2679,3768,50,190
22688,5,3768
9769,10,1805,7
29804,3331,73,19709
6422
4047,9764,5,1569,19
11,61,951,34
11,7152,1319
11,42,358,12,267,5361,12,7333,111,57,12,41042,12,102
11,42,40318
11,49,21264
11,5,31383
11,5,3477
11,650,19899
11,7974
11,171,1319
11,301,87
11,6700,620,8984
11,10,380,169
4023,2603,368
27676
15192,1043,10246
32768
23057,1409
114,47,192,42,822
939,4,242
939,128,548,450,42,1035
18701,1116,438,5777,128,29
1368,9718,14653
1368,9718,7400
39,3556,301
39,930
39,11581,8
39,12028,8
39,1202
39,6306,2156,53
6605,13591
9646
15234
1144,10339
1144,8,30203,2087,948
37,95
37,2386
15935,1071,128,29
519,28635,3841
7209
14617
36196
11461,15
4200,12,995,856,36562
372,10389
372,3474
372,3501
12058,14163,11075,2156,8
43739
29910
205,12,26992,4075,352
205,6054
27293
7183
821,7445
576,201
492,10,9049,7
33786,1634
1516,24106
1516,198
6269,648,2933
1531,2156,42507,28509,1569
856,19229
14429
21016,23875
31,5,5853,1657,2070,1827,53,42545
31,63,36331,26735,7
31,145,2007,11261
31,10,30,28636,3567
9330,16
41259,736
13215
37903,1766
27686
511,62
1432,149
11291
16016,66
21382
12365
444,55,6667,527,87
444,540,18260
284,14584
2950,19
27922,9
4529
19265,1809
960,198
358,284
190,540,4453,8566
190,40154,906,8
28724
11363,33688
33204
11110,25,4470,128,29
23974,3663
20407,14500,190
3722,17590
29555,8
20709
385,783,281
22018,25
22018,2156,2900,12,18758,4226,6713,2137
24506,6459
9935,15
25605,39473,44355,6504,2681,128,29
1932
473,45,33
473,295,75,1606,62,7
21459
2967,2156,20121,4462,11
5779,30,10,1569
736,41906,388,3056
8512,15453
385,22517
43177
16934,31,10,22362,40139
263,27313
3069,4712,128,29
43267
2424
38918
7172,8
4106,5550
37179
1029,1178
1511
1663
9857
2212,19
14736,7223
1861,11031
13074,2956,8,7133,821,8299
18535,415,17115
25306,34205
25306,760
11605,750,25
24600,11317
29224,811,1571
15401
18452,53,7019
3768,8,10495
8758,47
38086,4097,12782
1677
4705,5,7724,9
26000
740,1073,2596
30,172
30,5,22869,3768
30,475,46328,2156,600
30,39,1762,9,1403,12,39495
30,519
30,385,1113,1236,3153,5481,33630,12,4621
14575
5378,7575,352
258,1319
258,9733,8,2214
30080,15
15629
275,233
275,3390
741,11228
145,12315
28,506,23521
16467,1166,8
2721,2079,8
17832,119
1099,2410,2156,8
1099,3501
6885
7768,40,33,10
23,498,2156,24014,24
23,94
23,865
23,5138
23,504,50,1812
15028
24690,8845,7
25,47,206
25,16616,8,41236,13447,6608,856,28102
25,4406,50
25,203,12073
25,2821,25
25,1202,13,5,2437
25,17766,8
25,5863,689,747,64
25,740,2457,4661,7876
3025,3435
33087,15719
24823,7240
16574
9889
932,8955
143,357
1948,7
277,363,9
277,1569
19887,1471
8,106,23050
8,15240,661
8,2369
8,2441,9408
8,32886,2577
8,2084,605,354
8,39885,5183,12073
8,13885,10
8,20135
8,14332,748,6932
41,3752
41,34441,842,24617,6013
41,11,12,11583,13369,9
41,8266,82
41,15947,16426
41,11110,1569
41,8263,822
41,71,12,8813,30016,780
41,9733,527
31236,492,12,463,12,16111
38187,260,1808,790,7768
460,14598,475,4352,102,8,15657
1076,37298
818,10080,417,10904,1548,7
70,26841,7
70,237
70,53,23584
40463
4374
15955,9
3316
814,30632,918,33
18305
59,8447,32623
4091,523,856,14385,1742
10,664,38187,260
10,182,20902,3366,8
10,3127,2514,12,5652,12,5367,2048
10,1528,892
10,3951
10,8419,13493,219,9
10,8818,352,37769,173
10,9007,1040,8443
10,629,24408
10,3778,12,417,30388,27107
10,579,6070,1506,1559,50
10,670,26081,62
10,670,22293
10,1359,2173,34
10,13116
10,4375,12,16320,9
10,27206,822
10,13350
10,2850,39247,1899,50,80
10,6108
10,1256,693
10,1256,205,7356
10,621
10,531,12,3355
10,4600,2253,15525
10,410,350,41283,352
10,410,350,380,13
10,410,1816,12,261,12,19347,814
10,28068
10,633,25,1268
10,2016,12,9267
10,31809,5179,9,9444
10,3831,313
10,367,4096,383,66
10,1136,14131
10,5342,2635,28668
10,2982,11131
10,3030
10,1844,12,1090,1070
10,20129
10,5630,177,115,28
10,29770,13383,1397,50,95
10,4437,19
10,57,12,8585,2156,626,12,6025,13049,14186
10,33139,1527
45518,3605,358,183
45518,25229,5,21068
45518,3335,179,11051,2420,10609
45518,11277,45024
45518,12506
45518,132
22209,40269
4832,930
6164
1191,728
2156,3007
2156,150,375
2156,3165,35897,8
2156,1403,12,17272,13139,1295,672
2156,2851,16746,19
2156,81,3479,2156,8,4840,11599
2156,50,40,619,23090
2156,30864,2156,8,10272
2156,6138,8
2156,114,159,13825,2156,2649,2088
2156,821,24217,8
2156,17944,1880
4839,36167,10132,65
36,326
36,842,1073,337,128,29
128,29,1074,2116,8,464
12801,1819
128,22209,38631,6119,13591,7327
2056,12801,3238
992,1033,70,5,169,149
992,6455,1097,329,6455,1097
4276,12,23944,2156,35237,967,868,3768,8
110,22293,655,4930
110,2316,25,157
110,21450
110,6585
664,50,793
47,2813,13
47,575,59,5,3768
47,128,890,101
648,34262,18116,352,16611
76,628
1423,3153
885,1506
1593,15,258,3948
1982,2156,3269,352
74,12,1610
74,989,47,2569
966,10,1035,958,356,12,7048
1364,13,63,3597
10533
173,397,3341
447,390,480,50
447,1816
1138
173,98,444
173,9,7116,8128
173,25,25002,7
8020,596,209,82,26179
30980,25115,14628,12170,486,271
22094,16337
396,4757,6601
396,32693,2787,24
396,25798,50,10749,1635
396,275,6932,5,2087,19
19,200,244,1033,9,657
19,588,106,5183,37,2543
19,930,8,16805,8
19,14357,8
19,63,483,225,3501
19,39,887,1905
19,1177,175,493
19,10,25234,4342,354,27550,11964
19,10,2232,29016,9
19,10,1109,18948,20059
19,10,1402,3093,9
885,661,2650,92,822
2813,219,12,31441,219
17802,14,47
885,354,5649,128,29,3279,990
11036,604
1298,738
6410
885,757,3275
40,117,2980,2669,7
40,28,1410,7
40,28,511,71,24
17824,575,4226,6328
17824,4299
3418,3068
28418,352,2432,4040,5183,1353,4782
28418,352,6269,2156,21545,20407,14500,154
1060,18501,5144,2156,24891,808
1104,12,15204,5858,1329
28252
33773
150,47,1183
150,24,1572,47
61,197,2868,7,390
61,6877,16057,42148,1159,562
61,655,2045,7,478
147,65
33116,242,5144
99,51,222
99,817,5,1569
99,939,6640,59
58,3915
157,12,10519,196,6986
157,12,24872
157,12,40137
157,12,25706
157,12,10800,16018,196
157,12,3865,31597
157,738,2156,8,27468,352
157,6818
16795
15033,63,17843
52,109,295,75,619,203
52,128,417
36408,12,3955
2494,5,34010,6345,3841
1183,868,62
1183,209,80,561
14260,728,9,6255,1371
15158,66
21,683
21,4083
29777
11345
28163,62,7
3279,8,34773
997,12,10724,219,9580
236,1085,1493,87
1656,409
2445,13,385,40311,8
9010
885,21196,12,31507
28792,2192
5689,23156,1182
13842
2236,9,5
748,1879,15525
21545,542,3340,27638
7133,2496,8
7133,16426,50,18632
36704,257,39533
8077,1085,7,311
8077,117,65
12669,4600,6071,19764
748,34457,1059,55
18754,11,40326,87
182,182,614
182,11355
182,7283
182,410,527
182,743,24,7700
182,6269,8543
182,14310,12949,8,6154,366,19221,873,636
182,275,3493
4342,3923,15,8562,3983,12,267,20031
16186,4399
39616,808,1155
3538,3418,254
19223,10861,1481,1073,4740,2335,527
634,10
2939,5,94,1760
2939,2297,806,7,185
2939,12073,8
23584,814,268
201,1085,92
1717,5435,5,20761
17627,17274
18796,1364,10262,157
4752
10963,8363,219,2471
10963,1766
16616,29222
16616,6306,219,8,12038,13
5425,1611
15943
30203,2292,6576,6601,9,5,32049
9977,337,705,1580,4484
27571
14907
35567,30363
7328,868
2833
38895
2216,169,1481,1851,2865
542,1344,30429
16681
542,2650,13268
30853,36182
25169,6054,8
542,1397,24517
542,25581,5,2677,7520,14981,9
8832,3768,531,283,78
29428
223,17075,8009
223,1488,38579
223,63,308,7174,1825
2432,991,20515,3124,13599,6349
2432
32275,12322,4735,10358,2156,4249
32275,12322,4735,588
542,3998,35758
542,3662,4291,7790,8309
11355,25
80,7893,6745,2156,53
80,722,619,101,237
80,6484,29275
30016,7585
12225
326,7150,808,856,868
42270,1439,35388,12,3572,1097
667,7,120,66
667,7,10731,19
3127,4803,4740
35121,990,1472
1528,1061
2664,14328
10121,81
3951,63,3768
17888,5518
8139,88,5
8805,3257
10341,16697
22314
38519
13027,293,198,2099,9492,8
14937,160
7,3866,102,128,29,40524,13659,24823,368
9007,409,31,5
16535,2963,8
13657
350,12,506,28050,219,14163
350,203,7,109
350,203,13071,102,15642,242,8
350,203,15514,8
350,171,1381,12,463,12,29225,37827
350,171,37986,8
350,171,9549
350,38626
350,27566
7741
23681,13152,330,14682
7,206,59,106,6992
7,3235,5,39358,9
7,31930,141
7,310,200,856,17993,7
7,489,15
7,22602,5,2316,9
7,492,349,97
7,120,2283,59
7,5043,25
7,15451,24
7,836,7,4356,3631
7,28,13531,12,2636
7,28,6089
7,28,4768
7,28,38869,868
7,28,10,92,1423,9657,254
7,1606,7
13515,1873,1295
326,25963,19,8805,223,34693
25535,86,10834,8
3553,710,397
26081,159,528,7
17590,29,5,2437,88,10
6989,11
3211,1644,7
3211,4384
149,2993
14481,7063
4021,1131,2104,23
130,1353,3768
802,1672
16801,3694,4187
167,54,32,27402,66
167,7133,11,12,267,6568
42,76,128,29,910,7706,324
42,3752,7452,42317
42,350,12,3479,2156,34258,219,2935
42,34812,26314
42,7019,567,12,1116,12,1580,73,7936,12,995,10390
42,2241,12949
42,1266,3563,21
42,16,4533,859,2292,6576,6601
42,3571,92,13321
42,2335,9
42,22053
42,8178
51,58,442
209,4133
89,21,935,15053,1025
89,32,17216,10,2911,24997
5804,12,30231,2342,5113,3512
49,2422,12,41918,19269,8
49,23390,128,29
21396,18715
5,2410,16,34657
5,2892,5909
5,44515
5,542,1757,1499,868
5,10538
5,3157,3772
5,20464,1623
5,299,1236,20948,4468,39952
5,3682,701
5,1002,1524
5,2849
5,16391,12,26677,1506,14548,605,2629
5,2707,8
5,527,561,10314,1202
5,1289,7952
5,40730
5,2434,15,5,27008,2258
5,1403,12,20094
5,8543,128,29,12210,2080
5,2441,9408,23,358,1151
5,1471
5,921,25105
5,38857,9,34934
5,4158,58,4613
5,24670,154,1905
5,8881,42473,4220,1827,22282,257,12454,8
5,16797
5,3495,12,658,1450
5,36566,6601,9,885,15027,4182,3863
5,1969,1569
5,1969,1468
5,1969,3241,822
5,1969,652,7,310
5,34077,12989
5,11383,13
5,81,3698,9
5,97,169,198
5,40959
5,9976,14
5,13071
5,2574,9,390,50
5,930,817
5,930,539
5,31215
5,144,5032,40716,33572,36872,1041
5,144,18233,5350,40898,20989
5,144,32855,219,13692
5,47434,31597,507,195
5,5251,5999,918
5,9198
5,11445
5,40154,6601,8,32818,9
5,5442,128,29,13670
5,15163,12,11762,19989,31803,40554
5,32016,9762,9,28368,3501
5,29342,324,12,18255,12,219,12151,324,6197,137
5,1609,476,9,70
5,10954,9
5,9776,2015
5,29294,7,10749,24
5,15198,8
5,15956,30023,1755
5,455,27121,219,2156,53
5,5450,54,3886
5,78,822,98,780
5,17504,303,42
5,13321,74,11967
5,822,32785
5,822,1302,7
5,822,11857,8845,14
5,822,393,2653,30666
5,822,16,45,129
5,822,128,29,17766
5,36021,253,9
5,45514
5,30882,7228
5,253,9,5,232
5,11693,8
5,11216
5,736,473,220
5,14548,7059
5,1462,5253,9,2755
5,5012,9,13673,8628,87
5,2731,11,10,822
5,3096,829
5,2569,1109,9,183
5,4215,9,63,442
5,8421,9
5,1353,22892
5,740,877,8564
5,32839,9,1855,260
5,6574,15583
5,741,20881
5,20535,7047,8
5,4293,16277,9
5,45411
5,275,37,128,29,57
5,1971,50
5,3025,128,29
14,47,33
14,5328,66
14,24447,23,110,1144
14,23113,3677,15,7350,1571
14,3556,5250,16,10
14,3159,284,1569
14,2085,79
14,156,475,424,594,128,29
14,37,3291,561
14,7533,22929,24
14,78,6376
14,43877,12106,35117,17752,24
14,23223,128,29
14,3291,66
14,4115,1816,16
14,128,29,11586,8661
14,128,29,57,8337,66
87,42,34407,6514,5278,10126,9
87,24502,2570
18632
14353,2368
18586,30095
3026,42
2758,23814,1652
2758,10,12509,2048,128,29
9927,12,16993,8141,2701,24060
6066,12,39397,8,3477,25863,1943,1173
35138,25
7366,12,42107
326,26252,8,11355,375
24867,13802,1825,8,19869
326,1120,906
1431
1239,8151,5580,4385
185,110,1339
25686
17207,7,1719,62
19737,10,4884,219,2087
25135
19023,2787
21372,162,198
20744,12,463,12,29,368,36597
5405,7
3514,1873
4045,12,17950,25292
4045,8,33564
9893,8,5921,8231
10262,410
2755,30,5
686,9267,2698
686,7051,11177
686,147,1403,12,12501,19187,3587
39910,636,11416,1982,3768,19634,5225
2422,111,4153
6797,3320,12685,6444,27010,8
26648,4122,6066,4149
3608,14
15544,22486
215,4710,2441,13293
215,10,5918,736
28121,4212
10551
35040,449,26749,3267,3730,28131,5290,8
22262
38084
14160,8,6711,219
521
3956,7,1091,2509
670,6820
24808,29
15706,9,913,8
13596,81,5
3992,12,2050,30623
7031,26325,5
34374,1410,30
1359,12,560,12,14406,1569
912,2159,3308,7
14351,29,201
1690,31542,352
1690,31542
11235,2987,1478
11235,548,21195,179
38757
8431,196,11,9001,8
8431,196,11,25310,20072,8
10473,219
1690,1120,1075
999,12,11017,801
2526,8444,22154,9288
36626
16735,29
21654,5
2292,28937
44070,1728,1571,11,63,7356,8
35803,12,3690
4780,1672
4780,12,8344,11286,1177,282,3371
4780,9,5,986,80
4780,2156,53
23425,1536,14659
8694,352,18809
1994,34574,3269,5571
17959,2625,8
4428,8401,11287,8,2465
23266,101
26130,6459
22696,1069,990
579,3109,808,8,21096
579,1517,3917,366
7307,13254
1010,14476,12760,13991,1827
6152,1025,5
2128,30324
402,55,3018,12,6928
402,23814,8,17606
103,22102,2014,16696
103,22102,3436
103,10618,9412,3904,814
103,12038,15864,15,5
103,15651,2087,948
103,2894
16487,1943,22623,1825,11,5
3793,12,642,4244
98,12,9579,12,4691,11282,12,6643,3495,930
98,36005,11,9205
98,31055,219,12,1071,225,8
98,1144,29530,7790,22962
4543,3036,2158
4543,1949
4543,31953
6788
5278,1182,2553
5278,1242,16375
2793,8,157,12,29496
2793,2156,22102
40568,352,30041
26654,2156,156,12,1990,12,38428,5313,780
3369,10223,6601
3369,35575,22209,2841,561
2829,540,1800,87
19038,352
3581,12,2028,3964,7790
11977,12,31313
14514,42,385,24598
2972,13776
28772,17163
6707,8,8964
2972,27346
30957,7
32470,242,5202
12045,88,45565,23254
7884,16467
15470,1195,87
4736,352
15383,1873,8
36943,417,8,2375,822
197,492
738,11
10941,87,741,3961,2596,128,29,847,10816
1094,3089,10950
36804,1099
21003,999
36778,352,3776,24
9208,38187,1253
1481,3146,1634
31026,2701,12120,8
16762,16851,1809,26293
22032
3814,809,27794
278,9,512,40381,128,29
4542,62,70,9
6821,763,6070
33107,2072
24146,8
1473,4131
842,2558,1571,8,4202,1496
12123,47,64,10383
18105,5564,2424,6183,8,25726,154
1472,9,12073,8
16851,3069,1438,11217
1403,12,40507,5134
1302,55,24420,219,8,2851,39438
6590,25023,878,86
2045,12310,4399,352,2007,11261
2045,4435,1043,13802,8,11355
1782,42,2664,1459
192,2950,743
10175
13063
2850,9259,1329
21927,154
26776,66,22209,13836
11347,53,39654,154
2314,239
2850,139,22664,12,417,3036
8447,90,14963
8447,119,19667
26815,2156,16464,8
1310,12,2871,5577
2850,19048,6269
2850,1512,990
26583,317,13,5,18754
224,1634
5305,114,5,736
27600,26298,6514,2156,1403,12,44427,8
6641,1916
16748,4356,26709,9,42835
23330,990,814,6132,4476
23330,1290
5074,53
1237,66,9,10473
1237,13
1237,198
878,15,5802
422,12,1116,12,627,12,15466,7695,37086
19750,30,13836,1173,2410,8
14439,8,9378
910,261
6346,110,2473
21966,7638,3663
4533,6747,4279,705,1250
13266
15061,160
11987,1949,2418
24577,8
235,12,5577,2156,35740,12637,12,14247,18502,284
10861,8,418,12,13283
4066,4617,35501
7666
16097
7977,849,361
34633,2577
18939,661,13185
6910,24929,1626
2886,7
3357
40129,6560
1079,1580,5,1086,631
2098,7
30240,7
2851,3252,26665
3372,80
8119
30159,8,910,11290
8736,106
30611
20635,157
29836,5450,219
3487,3841
3946,3023,12,42018,3238
769,298,14829,7,3993,7
11246
17846,8,3137,3569
4885,15664,154
12859,32772,12106,7
769,25558,9,557,5560,8402
769,1951,9
28350
1888,960,37,12325,7
3872,12353,293,258
5940,380,1099,657
769,18716
8829
13057,4123
269,29154,1527,5,18754
269,251
269,1099,40059,9,5
4883,110,1508,16
588,8792,12,179,111,5,12,8498,1855,5622
769,12,10733,7,311,55
910,28507,219,25,2077,2221
12378,462,4822
731,25
910,1253,3400
5546,25
910,3146,1634,4374,12445
910,895,12,9772
14706
6689,25993,1368,9718,2496
1341,542,3314,6257
5128,38187,260
12474,33937,13569,11221,4086
19290,26125,13212,2857
342,2696
4650,615,6740
342,98,203,86
1920,24
8592
9695,338
9695,1952
28939,30,9781,1584
38283,12,2544,44611,4607
3349,710,4843
14476,12310,4399
4362,350,1202
6177,173,12,179,12,38265
5395
8546,30854,8
14652,9794
4212,7
1256,157
38337
18805,2156,475,18836,149
39113
15351,13836
36182,9164
16887,22849,8,12310,4399,33945,338,39859
9761,1825
31018,1579
16270,62,19
2129,5390
4202,139,12,642,3036,11248,32,22209,4803,4740
181,48344,5806,204,6294,16,15567
4202,5282
33709,1370,8
6197,1672,2156,1481,1115,13802
310,6459,13960
23317,53,2200,8069
2195,6675,12,32135,2419,15
181,3181,271,128,29
34449,160
181,4822,459
2170,618,6940,1969
2738,162,62
2356
16372,8,16467
621,868,2156,31236
228,1506,128,29
819,111,10,9506
1969,165,154
1969,909,30023,6634
39118,2156,4023,225,17985,868
2718,366,12,13268,53,3284,301,12,3707,20277
9202,219
29166
18718,12,35844
8840,48681,5003,4339
5647,10
1041,657
2242,7527,219,611,9779
31966,1472,9
26365,808
17496,17320,24035,8,19665,12514
6345,12,1409,12,282,30806
2400,1672
181,4791,260
28668,23
20893,7934,13035
16089
81,41488,12944
81,620,1295
81,179,4825,1070,33875
81,12,2028,922,13907,28005,1829
66,9,6112
84,19023,918
84,2040
97,39860
3680,10360
97,1781,7,19781,24
1021,25713,12,13681,9339
1461,30632,918
4340,7
19470,5183
36111,154,19,6043,604
129,36010,24625,5846
129,15296,15
129,25970,9,1236,29742
65,233,9884,5808
65,9,5,29310,7098,4298
65,251
65,672,50,277
65,205,1114
65,828
683,2821,251,4105,792,10097
15,41406,814
15,18572,1377
15,70,1389
22796
747,17052
24453,12,3809,1873,9488
1523,117,92,8339
1523,1855,5622,203,101,167
9,5627
9,3418,242
9,10771,527,132
9,5,801,13,27600,26298,6514,1825
9,5,7844
9,28223,5,19591,9
9,228,3697,1571
9,22835,24467,8
9,63,30461,808,11845
9,141,11385,52,32
9,3269,352
9,3722,2316
9,31312,7790,11402,12,506,15346,2099,11248
9,32738,27668
9,9177
9,1537,1472
9,2382,8,17333
9,1252
9,2701,352,27499,21508,87
33442,14128,8
8372,1571
8372,8,181,3181,35521
5948
10930,17107
33718,225,1571
33985,4075,39,43721
30233,127,936,19
1085,314
1085,23,5,2731,9
1085,23,70
45,182,31236
45,129,10028
45,17504
45,615,1256,693
45,5891,27801
28055,1450
786,12,9406,918,64,2254
786,12,23242,139,15589,1548
295,13887
28269
117,12,12557,22627
117,169,1461
117,672,14778
117,4000,923
117,11877
92,21623
393,606,561
782,55
35088
240,13,5
240,10,23317,18237,1459
823,9632
823,6383,63
27214
7122,8882,8
7122,13972
38371,1242,1538
38437,1809,8,1403,12,37519,6528,11264
295,26272
127,129
930,1310,14,27472,8845,2040
22802,330
40596
3228,12,8433,3215,8,27301,1050,661
475,5858
203,3007,87,35063
203,9,63,28701
203,540
203,29310,906,87,932
32924,9173,6650
15213,29,69,28090,11,940
13296
7958,30,1085,765,9
2260,7
2260,37023,2156,17846,352,614,12,5282
144,10238,1569
144,7063
144,10030
144,19905
144,543,12,18948,621,45
144,3571,4133
144,7360,22892
144,24897
14628,10003,25
55,5130
55,87,28173
55,6167
55,4780,8,10970
55,10364,8
55,11708,352,2721,822
55,2851,25170
55,485,15185,215,25
55,23317,6328,87
55,11374,87,6484,13003
55,9283,1364
55,2269,34342,3569
55,31063,352,14673,87
55,10280,8543,2156,600
55,3615
7654,5580
7654,7932
6711,6601
418,12,6504,1792,6721
4093,8
6473,45141,2963
13099
29652
1716,10,1451
31451,1329
3834,36046,219
3834,36046,636,2682
35821,25
1508,11355
11201
1692,1046,19
46329,3741,14455,8645
7319,19,103,2247,82
31294,1720
9374,42922
28368,4133
30524,8,38821
2085,2330
189,1339,62,92,15865,4926
189,45,2842
4532
16377,1250,4719,5
31417,271,3119,1372,1946
39802,3741,14455,8645
18110
2312,7,465,402,92
146,42,10262,7297,22154
9931,571,5992,33265,15,10
156,162,619,11992,260
156,123,10513,8
6480
30461,808,352,11267,8
29620,29,47
23478,281
614,12,9854,480,8,190,795,12,41493
614,2156,5278,24878,8,13869
657,16785,179,27115,2596
657,784,10071
657,11605,42388,16845
685,5631
872,52,4562
872,8,27942
13585,63,668,12898
546,159,23,110,1183
251,20519
1207,444,350,203
697,24060
410,33455
784,6619
14135,10,457,41493,6197
18277,324,3092,8,2003,14855
11369,43708,8
1804,8
101,8222,8,38435
101,27116,19,3187,5856
101,10395
101,10,1385,2225
101,10,19835,1393
7526,3038,8,5497,14218
905,12,3955
540,12,354,12,4321,1548
989,24
9219,4092
513,828,8728
513,6500,2850,29846
25269,14,13294,11
483,225,25
483,3390,8,324,13418,417,21366
10490,2115,10490,9
30328,8
34397,15285
784,12361,12968
11339,11,5
7923,12,3743,17299
31014,868,11,1235
628,3397
12622,5,588,2959
1762,12,1116,12,2611,19774
1762,9,26956,1571,16
1762,9,29885,8
1762,5709
449,3540,3807
11269,29907,3628
216,141,7,2540
7956,124
449,22593
4647,12,29,4291,20898
761,9,15172,741,40594,128,29
449,10325,12,605,10852,10267,1478
1159,12,438,4467,5702,6948,30,10
9090,88,6351
7321,6320,701,1396
95,26756,1359,7
95,235
95,277,32098,16235,5580,20286
95,277,6066,1569
95,277,1068,9884
3704,12,179,12,16625,12,11517
1236,922,324
5823,1672,2156,13561,26842
1236,1168,1872,5
1236,1222,5144,92,18939,661,14831
35659,23485
1236,11290
1236,10155
63,5685,5516,9
63,11956
63,25578,17163,2731,21177,405
63,35726
63,240,7,20759
63,1266,12,36734,4560,200,457
63,146,12,8494,16637,4198,9,301
63,33589,3569,18746,15,5
63,1804,2814
63,24696
63,1056
63,33366
63,3366,11655,6644
63,15380,30445
63,3768,128,2390
24,7441
24,429,28
24,70,606,561
24,128,29,45,95
24,128,29,626,19,201
696,47
16,43236,21233,352,3904
16,4613,25
16,350,203,9
16,350,26248
16,16697,540
16,1690,718,5357,8
16,202,1341,205,12,26992,4075,8
16,25633,890,12106,66,9,797
16,1195,39432,16771,6073
16,1341,2721
16,8309,19742,27499,1809
16,1605
16,15481,738
16,295,75,182,2375
16,2086,39,2842
16,6348,3995
16,2509,11
16,39040,636
16,22643,1275,4666
16,2563,29106,5918
16,12757
16,23554
16,10,27468
16,10,4710,6459
16,10,13618,65
16,10,25306
26570,1626,8
21573,6255,1371,811
21821,25
17617,3865,17286,868
31338
10209,2258,4399,3768
12259,39010,25
13869,352,14899,12836,2407
19101,29747,24203,17941,7
11022,154
22007,47
88,99,21,5700
88,5,14653,9,11857,19774
88,65,205,65
88,10306,6303,8129,128,29,9074,1033
3222,12,42826
2316,8,4342,548
9594,4710,26235
9594,8,3722
32149
7540,31006,868,1011
6516
1025,6730,9
29749
27802,9997
11,18793,22075
30685,13447,4748
16561,7407,9044
20121,13907
45645
9473,35090
2222,12,28746
5784,9538
3150,505,822,539
35604
5853,37347,12986,517
5853,1657,2070,1827,1035,3856
27493,15871
25986
11,61,52,619
11,569,2326,30,29224,13738
11,25876
11,42,14128,10709,12,19017,9
11,5,433
11,5,39299
11,5,2437,50
11,26130
11,45728,9401
11,442,162,11491,25958
11,668
11,5012,16,164,15
2782,2115,5,78
3444,39759,1033
3444,11,4356,3631,22735
6889,30,5
19659
28462,868,10360,5801
8910
23783,18260
39001,8,542,3340,27638
4356,29148
4744,36,114,678
31843
114,5,1569,58,295,75
2956,8,11789,1825
5939,6132
1437,14963
1437,1758
41591,5846,6967
1437,20000
939,3203,66,9,422,859,4779,415
8944,12,8726,5580
15774
35100
12073,885,1506,8,2292,4070,352
12073,34,477
14083,2156,6396
1050,352,6269,822
26899,8,505
1050,2748
1307,12,9806
1368,1906,2614
141,7764,5,6644,9
5253,28442
8444,4133,860,7,1877
27807
24418,352,13430
9486,11575,1538,8
184,569,210
1368,9718,586
1368,9718,1144,12,20951,2968,24029
26395,2156,1403,12,2028,922,13907,2156,8
3106,4198
946,15
9379,1766,6054,2156,34903,154,29296
478,47
750,8567,70
4566,675
39,144,1081
39,665,1905
2200,25169
2200,16887,7122
239,12,38498,5665
239,14460,14,1364,357
42396
17232,1208
259,39,1472,9
69,8309,8235,2048
69,6432,7
12113
2607,410
244,42,1569
7105,12,267,20817
2016,12,9267,2156,39802
1144,5846,4736
1144,25,505,25
1317,137
37,128,29,95,18624
519,1531,19
519,10,588,3331,6197
33,9493,705,24929,1070,5
33,801
19975,2185
33779,8
29524,1023,21777
34,103,21905,1173,4361,9
34,2705,3501
34,203,7,5940,24
34,685,63,3543
34,761,9
34,63,42421,27661
34,615,17216
34,57,156
34,70,5,8419,33252,9
34,70,5,276,1272
21040,9997
543,18948,2850,39247,1899
543,12,560,12,4184,25487
543,12,10241
543,13,162
12280,21822,154,5,1141,11
1368,2279,33580
865,5846
457,18948
457,5,8354,9,17832,560
457,375,1462,480,50
56,203,2866
1751,5785
15324,12,3743
17769,4666
1134
11491,260,8,39,29
39662
16655,29,1495
17081,499
34713,1827,53,23732,3674
2272,6991
372,32327,8
2821,352
2821,45226
21797,1908
38971,6594,7122
300,7,127,8725,1117,12,180,12,279
300,124
12058,7,356,23
29910,30406,3275,25
213,3540,219,1825
31286
205,12,26992,4075,1825
205,8875
205,741,4133
1637,324,2489,11538
1411,89,182
1411,8792,11,5
19053
18842
2029,209,390
492,12,1794,12,260,12,366,5901
1816,12,1794,2580,12,19347
40585,8370
36116
33786,352
34648,1988,352
821,4539,118,1613,1099
562,70,2283,59
1516,47,910,6691,62
1516,455,28070
120,123
14528,1256
8916,1195,87,23387,2961
22629
16634,2156,253,10852
821,8530,523,8,36637,21434,5,7356
11581,12,428,19171
33079
12358,2617,1571
5129
20848,5,822
177,9,657
821,8299,14
21485
856,4193,219,3925,1825
6269,2682,11,42,1569
6269,1151,50,80
6269,8,34209,1403,12,21014,8279
6269,8,27274
6269,2156,37578,1569
8047
1531,12,23760
1531,65
1531,9733,1569
1531,2156,885,19291,219
1531,2156,8,1482,7
1950,22209,18728
455,24841
12174,5,1403,12,37808,12367,9
2423,84,275,9270,8
856,23521
30808,18711,8
8164
21016,13247
31,215,10,372,65
31,34150,7,34150
31,63,2752,9
31,145,10840,149
856,3961,10001
21111,352,12509,34920
856,21194
6664,21746,5,508,212,30,169
6047
6664,22289
27946,822
303,63,2437
13016
9288,636,43123
4828,9629,19,4298,1672,3768
16501,25306,16893
13,5,6066,219,12,3983,5961,278
13,4736,8,44202,196,12073
13,842,1073,337
13,11857,40058,5444,11466
13,1461,1571,9
13,63,1528,12,560,12,5367,3768
13,1531,12,32632,1035,7768
13,24611,42661
13,28339,9473,811,17504,1706
13,10,736,939,15865
13,10,13182,50
689,12,4182,9451,352
4731
2342,29414
14214,12,11017,22211
2342,5090
27325,5686
2342,154,821,8299,23
25257,822
14250,8
3269,20422
4190,1295,15,10
10698,5,1087,6683
10523,679,14
8411
8746,4270
2051,516,227
5684,1495,11,2906,4215
507,5030,2961
14929,66
10571,15,5
10571,55,47668,19031,87
822,41953,40,3529,62
8794,823,358,2289
3820,19,7464,1007
2415,26584,11,42,1569
11464,66
24254,12038,8,18186,352,8263
24254,13074,8,12405
3241,11,64,4977
31351
2182,1956
2653,481,7,34563
619,12,8396,18316
619,2310
30561
33529,1118,7,385,281,9759
27160,12,24350
856,29125
3845,2156,697,14730
1769,12,19838,8,9450,6459
444,12,4825,1545,2156,4812,32481,2156,8
444,10295,822
444,540,3977,2401
444,2789,87,171,4133
30934,41936,4874
14848,2696
3064,88,5
2105,10884,1627
5342,542,21680,2650,8
5342,14011
5342,34147,6197
10578,7,697,62,7
31588
4551,2156,3284
856,895,47552,40212
2114
17545,1825
32289,29772
1931,21683,5
3214
30567
9297,19439
21317,29,11,5,1808,9
36167,13074
358,7133,8018,16,5803,196
358,1351,7,29052,24
358,1099,814,12,38428,516,11
655,12,11018,2650
655,12,11600,4120
655,120,10
190,18684,92,50,2679
190,55,7063
7630,33745
35909,3331,12,24625
21179,282
941,157,12,22342,13735,2384,1569
38626,50,18105,12685,1427
3039,6631,655,156
3838,8645,1757
11240,2156,18105,39416,8
3838,5039,1250,5,1086,284
615,7,619,205,59
615,1461,1571,11
615,3035,1531,259
1177,282,3371,12,298,2413,10288
2254,5,1569
2254,5,822
20407,1245
1177,8649,1295,8964
1007,24,1239
253,34225
11620,47
15798,10,6143,13972,9
27995,358,516
13582,23,513
3722,17244
2841,43287,20407,14500,154,822
28978,24
28009,16812
35708,12106,3873
14878,806
729
1615
364,16793,7864
21450,12,31549,43417
30517,9935,47
1351,7,1183,42,1569
1683,154,464
4803,7767,14827,128,275,822
13366,98
3017,1845,16
2773,36553,41280
2773,210,868
3013,7,22734
22623,31046,21968,8982,2787
5567,12,8293,7913,3686
349,36408,159,5
349,1310
23238,29
4279,705,1250,128,29
31430
16881,814,1569
22018,7790
22018,12,605,16430,8,2982,35750,7790
22018,22696,705,1696
9305,5,1011
1874,110,15345
385,241,1766,4553,31327,9,1462,12,1397,7018,14631
3366,219,8
7416,9,2719
9935,201,11
4777,7580,3768
15160
8386,41,2437
4295,9
159,12,463,12,40087,784,12361,1843
159,3783,6625
626,12,560,12,24483
608,402,9
473,45,269
473,295,75,697,62,7
473,295,75,6565
109,102
26280,14222
26434
21943
19131,15644
32654,18711
42975,3009,42
19846,6459
2199,12,1116,12,627,12,3583,650,12,9806,15352,1630,4040,281
32927,17504
9553,37835,5840
27220,7790
17534,29
5392,9,5
736,4533,2403
736,4533,6747,1236,4,579,26082
9969,8
2698,7,492
2228,12,560,12,14406,73,417,40311
222,295,75,95,213,7
222,95
6054,8,12760,13991,1827,3423
6054,8,101,868,3768
8709,366
4271,159,7
19083,7,28
8613,10,357,1155
1935,31287
5581,50,13879
37018
3069,15432
8806,5,3057,8
2781,11
2781,6054,8
7808
15651,35566
39454,2787,8
3816,32914,25,37,473
3816,918,20257
4538,1003
1844,2157
5044,24477
24165,14413
29664
744,352
744,30,1668
432,19
1462,985
44009,8
28335,7
1230,16655
2955,2543
27566,43065
847,254
11962,6664,3006,1790
847,1065,5,1079
4106,8,1081,1403,12,417,37121,8
3977,1780,13861
3977,1906,1571
2976,7,1807,5
7745,12,13319
37968,1741,8,10064,906
31250,88,5,200,457
11223,7
10280,3959,12,13138,14805,10561
34208
3904,5694
6670,15651,2394,9,2496
1412,10,13317
5373,7011
26002,196
36526,6634,552,23
3977,2401,352,2342,3146,2160,927
28342,42115
6306,219,2156,20425,8
17626,822
740,8285,154
36881
7676,9,41906,181,10149
115,185,162,124,7
115,295,75,575,540
115,5998,7,2519
701,1396,128,29
1029,366,9988,1942,611,7790
8541,1069,6645,3950
1383,38441
1383,7,29814,3156,8
13372
8708,3174,38491
43580,3693
16997,1403,12,40507,24802
6566,6269
7407,9044,7
20784,1003,13,519
15868,15
7856,9764,63,1579
7856,20970
28619,15,5,4785,9
34307,2048,27890
32616,4748
19389
13689
11316
9669,352,5797,88,10
31074,37091,8,2245
1537,149,12,1902
16388
9637
3137,415,3876
33947,88,41,28715,927,32010
4918
3741,25339,15,5,2441
3741,8014,6601
3741,2544,3017,1845,128,29
5154
35341,314,9977,5526
3741,636,4183,6054,8,41271,11363,1115,1809
3741,636,4183,8,8541,36040
699,12,8267,6132
10498,9,3508,8,190,12,9267,1825
10498,8,9818,18583
3741,1322,3723,2911,3540,128,29
25306,15240,1033,9
25306,910,7706,459,12,417,7706,459
25306,1808
11605,4187
18209,29,62
1855,710,21457
37913
29224,811,1041
1855,7474,15,1236,20031,32855
14310,128,29,665,10360,278
1855,9452,11
13146
27252
18643,23
6162,12,3690
6162,15163,8
16224,462,17034
13615
25961,10267,324,1855,260
40430,10416
740,2611,1728,139
4758,261,12,267,6909
740,38687
9881,8
28052,6043,8
2471,16,8661,7,1183
512,687,139
512,119,25554
10837,13,3122,8
7316
756,12,9232,6074
756,4996
512,15107
19369,5,3841,22094
64,192,396,2157,17319
64,30431,66
13011,6320
33624,2160,31539
6056,295,75,1871,24
741,1140,2013
30,181,6695,181,7232,4839,156
30,63,650,1825
30,63,1808,8
30,3768,98,542,8628,6195,41658
30,637,128,29,253
30,1099,6620,8
30,70,839
31186,14,1597
53,11034
265,8
12601,7864
12601,338,11235,268
18698,12,995
8203,23,5,1144
8203,2156,20923
32875,4490,30,5
15980,927,2157
15980,5,822
741,29022,2329,7042
741,3961,2596,45139
3291,106
836,47
6967,4476,30,1296,1906
27502,615,7
35977,139
10025,12690,25,157,25
36620,254
11448,13,11311,4179,833
22541,35977,2102
2576,12,1116,12,627,12,24916
258,14490
258,21545
258,10161,5622
258,17052
2421,7,146
15305,2156,1403,12,23022,1652
5276,368,1173
13295
24332
24724,2102,1361,13
36023,159,7
27513,477
28072,15525
37372
12230
35063,3686
909,36722,159,19
10513,253
741,3006,594
23379,201
380,12,18948,8,5705
380,12,506,15346
380,3605
380,2233,558,22574
24034
1684,12,462,4344
33304,2961,352,6967,8
5673,2696,24
357,569,12,2670,12,805,856,36562
357,6605,12,9547,16610
275,12,6421,5012
12035
14719,1527
145,28418,352,6269,8
145,2764,7456,235,62,7
28351
28,506,7027,1527
57,35063
3374,10,233,9,63
142,89,128,29,45
142,457,375,1462,16
13410,92,301,88
23216
11487
2168,227
5072
2003,2596,128,29
6254,30795,868
7340,12,47392
1099,3624,87
1099,2369
1099,4133
1099,15629,37346
124,9267
124,3236
741,44172,44172,625
741,4,29,4,65,277
34556,28668,13938,15382,12,1173,527
38515,4847
1877,42
25542,2577,41,38187,260,12,338,42472,3124,46573
10,687,48777
23,18198,3435,39040,636
6043,59,42,1569
14964
23,5,235,822
23,513,1323,4735
23,6162,4226,24
19720,352,14125
38157,1634,10,12509,4392,9
28280
6990,63,2437
20085,11,13874,14
25,157,12,23375,1538
25,667,352,25
25,51,109
25,1969,25
25,24,3311
25,24,17384,5
25,14598,11728,5073
25,1136,4748,1050,14766
25,15828,4103,763,19103
25,9164,25
25,7350,8,22272,890,3361,25
25,10,664,2143
25,10,41480,324,59,3783
25,10,12308,822
4709,2553,8
14129
5444,219,8235,26929
1808,1672,13550,12607
7350,8,31861
10648
10522
29480,1342,833,38187,260,4002,769,15390
32,31605,561,2972,718,6459
32,157,626
32,6346,81
32,31294,2787
32,1819,2814
24959,2787
2092,7,28
1382,11,30775
2868,7790,27599,8,20425
6256,38520,508
932,655
1268,115,4724,7
1268,64,12155
143,18754
143,9,106
143,9,5,1203,30927
143,7335
143,16855,14,283,423
143,1808,12,3138,1569,2977,254
1475,12,1090,8974,1809,8,17863,12,506,8631,1809
277,762,5883,7
277,4187
19887,1195,87,18452
41,15819
8,326,7150,808
8,10117,19
8,27655,8
8,980
8,4511,10,1569
8,17929
8,22213
8,4883
8,3508,11,10,7319
8,7122,352,2632
8,21427,408
8,1144,26016,1285,7
8,15956
8,2764
8,2352,2891
8,376
8,3089,196
8,909,196,66
8,7451,12,13637
41,21153,7767,154,19008
41,542,13028
41,35559,1375,822
41,9800,1569
41,10671,9
41,475,12,1549
41,47668,19031,37030,13569,11465
41,2679,5674
41,18544,10360,17963
41,27874,354,43468,20455,9,2664,5865,4255
41,28510,672
41,40059,1569
41,7809,2441,3142,8
41,3112,13698,1494
41,1931,25121,477
41,4206,1814,12,4530,822
41,26950,3120
41,2885,13321
41,6681,20161,822
41,20407,14500,154,8
41,34556
41,2770,17605,19650
41,818,686,12,7051,9243
41,33245,10727,368
41,33245,18228,9
41,3390,79,16
31236,526,330,8370
31236,13,10,205,150
31236,615
45141,190
524,15010
38187,260,11637,16195,12935
8263,2156,1375
46254,257,2192,14,146,24
460,11051,19519,356
67,101
818,39586,14260
2386,24
24614,7
2346,11653,8
70,12,35866
70,1364,66
70,350,16887,8
70,5,3651
70,5,527,2029,201
70,5,10483,9
70,81,5
1076,20994,30601,14483,128,29,35026,2524
10,14726,34537
1076,8729,9919
16468
4374,16337
3448,23,5
71,129,130,3541
4960
11129,31759
5578,7,2662,583,5
42761,337,1538
29545
2641
355,28353,7
1606,203,12,14546,2084,38639
2329,1580
13827,2410,8
814,31014,868
19071,7948,41,29941,4000,923
17748,19915,14
10,611,7790,9515,40485,7843,25252
15323,26611
17872,10776,98,203
3213,12,27512
3264,5,3768,8
5286
3668,117,1114
59,49,25770,524,5634
59,2758,99
59,3599,8,42157
59,932
4091,21517
12506,70,1034,9
10,664,693,128,29,652
10,24815,5144,1318
10,182,27810,313
10,2904
10,7673,498
10,27608
10,12684,11415,822
10,22307
10,3306,5907
10,670,12,11261,31140,2156,50
10,527,31971,11,657
10,1612,2003
10,27337
10,15711,9,3231,27238
10,4817,12,6968,12,12473,12,42999,10603,9
10,1472,9,1109,12,18948,1825
10,1403,12,8849,2050,9084,12146
10,28304
10,9378,42157,566
10,2304,14174,6923,55
10,29154,1527,6496,2156,8
10,36289
10,17038,736
10,9505,1036
10,42641
10,2247,12123
10,2247,10014
10,702,12,995,1114
10,31373
10,3242,12,20473,946,225
10,16076
10,33554,8,35237,967,868,313
10,45,12,2527,12,23471,985,8,1354
10,295,7878,2088
10,92,5437,13,24160,14186
10,5807,29694
10,1569,999,2156,8
10,2297,784,6157,7718
10,1692,12,4628,9884
10,27107,197,28
10,672,9,664
10,628,12,15853,10619,14
10,1236,12336,2175,651
10,28242,4566,515,8
10,7105,1173,2156,15009,6721,676
10,2016,1690,24071
10,372,8450,25
10,3065,1149,18173
10,821,1584,4122,2701
10,6664,21746,363,24112
10,2051,2156,793,12,22950,12,38428,1569
10,822,966,2494
10,16881,527
10,2335,12,10058,8
10,6717,14,1364
10,19098
10,13213,6459,22364,1569
10,24897,784,3994
10,568,14,2968,19667
10,27265,41271,38951
10,7297,30016,9913,14
10,263,16880,9,35762,8
10,891,722,9,1035,958
10,9400,7402
10,9240,2855,9027,9
10,13618,403,14
10,13618,11051,28338
10,25306,2842,4670
10,25306,29763
10,25777,32652
10,22577,10390,9
10,1402,6295,1825,7
10,5276,3145,139,94,1946
10,7709,2295
10,357,3859,8
10,14648,12,15609,6285,2287,2379,260,8517
10,1099,18805
45518,3422
45518,6587
45518,10295
45518,1473,743
45518,15950,3512
45518,5373
45518,1099,12801,16
22209,169,858
22209,7263
22209,11339,19
22209,11339,23
22209,30859,9
7969,128,29,4309,2242,354
26891
12730,12,4530
158,12,21282,28203
1666,535,7,13113
480,4149
480,11177,4206,16619,179,5552
480,25,114,5,736
111,2373,9,70
2156,885,1210,4490,13338
2156,61,2029,47
2156,32213,37235
2156,600,5568,540
2156,2384,8
2156,12405,1004
2156,17705,110,32040
2156,14355,1173,7,961,1493
2156,17846,352,2156,10117,14
2156,28582
2156,7259,254
2156,25210,2156,999,12,620,7027,196,8
2156,11,41274,4735,12058
2156,4812,12,22605
2156,114,24,58
2156,114,39622,12685
2156,2272,8,6219
2156,3335,2156,23792,27104
2156,1177,8649,1295,8,1462,4226,352,4777,12,995
2156,15957,7396,24
2156,32331,2981,793
2156,53,202
2156,13629,8
2156,8,80,11108,3541
2156,8,740,4781,154
2156,10,611,7790,1050
2156,7994,728
4839,1306,14
36,54,16,460
36,350
36,9069,1120,128,29,4839,3360
36,3069,354
36,8,9869
36,8,29310,906
36,45518,897,8035,329,12,10212,254
128,29,7401,8,1842,36747
128,29,37937
128,29,1819,31014,868
128,29,6967,22209,29331,1630,20169
128,1096,29
12801,1186
128,3143,87
128,889,2471,8
128,1135,5,1170,9
