5
7
21
10
20
8
9
37
56
11
24
39
14
98
142
69
16
15
79
13
38
182
53
11,5
58
19
23
123
9,5
91
45
1705,75
51
33
31
66
74
15,5
264
41
24,21
85
7,28
57
1585
16,182
70
342
115
23,5
1190
610
107
362
54
127
30
7734
34
120
32
59
55
173
89
192
142,79
252
427
3045
13,10
6470
454
12085
106
14,37
25
1960
56,57
53,37
40
142,37,21
17734,219,1113
203
1560
300
520
938,75
794
235
985
159
85,21
793
56,7,28
51,58
98,37
16,350
190
1354
81
7343
87
11,39
851
222,45
2488
77,37
172
71
38,1705,75
1655
149,5
5,235
317
251
1150
166
1773
2708
3086
49
202
6536
1317
8,24
74,28
184
553
20,313
9141
1206
13404
125
74,33
197,28
66,7
1410
11,10
64,75
142,51
14557
21,350
42
1348,5
1415
205
615
376
152
10594
2503
7835
7896
61
14,24
171
88,5
3841
30,5
277
8,172
20,2103
99
3907
2075
1441
847
610,21
2101
38,342,5
91,16,182
3848
223,5
10,367
427,4,3385,438,3636,3145
19,39
7756
65,15019,16511,1182,40,989
92
1948
318
91,21,182
3790
1381,7
4005
1166
82
905,123
95
53,79
1065
8880
345,16,10
1979,75,33,7
447
19,10
596
439
3051
341
7,8831
7,283
5,276
5,249
554
1088
650
197,33,57,55
334
2468
678
122
127,16907,7,489
1326
3033,80,11505
5856
16,10,182,18452
4036,69
32602,13
790
39,979
259
33,5335,182
34,10,319,9
56,314
205,6620
5188
303
13,41
2564
2713,11,39
1883
962
3895
28691
2162
142,24,16,350
41,1946
460
536
71,37
10,313
152,1040,2942,16538,7
20,3539
264,34
1308
17990,1834,7,14997,6,3433
610,4547
38,5658,33,7
38,218,75,216
38,2584,5,2924
832
91,40,28,1375
1648
7957,18
6127
9347,2047,14,10808
3045,1199,13,6127,18,1564
7835,16670,142,16102,1979,75
1585,7,185,575,9
1585,1595,5
497
287
3921
22,495,1452,29,2901,21
770
1224,66,7,28
86
5,129,313
5,1040
2103
98,52
6255
12621,127
662
2638
101,10
5258
1826
1798
689
2473
2230
2913
13276
874
1451
4105
1011
4299,54
20,2335
17734,219,1113,18
2206
1190,18
7343,6536,15,6470,18
4858
2374,1916
7734,16
13404,26
3921,18
572
3996
9010,23,5
201
62,5
8284
2341
498
802
5,809
23204
28441
9215
311
197,146
1275
1895
31179
7670
6444
25033
529
162
2312
4477
4674
5868
141
37,74,33
2342,4467
11464
1249,62,546,55,101
5523
37951
14104
183
6050
115,45,244
3613
35053
7359,26478
1714,39,1508,8,1224
8492
3298,9
1566
35713
25848
15720
5869
20,8071
20,18185
20,4211
20,249
20,7674
20,668,2262
20,2111
1012
13417
840,415,1417
1960,8,6918,32
1738
4622
1206,18,2799
18155,18,1041
1896
5790
14309
11596,718,1417
2363
5105
2101,18,11992
957
2250
3848,21
15926
7393,18
925,4,5710
211,4330,553,99
12813,18
12813
34421,10974
7687
9929
6918,18,1041,32
