279
315
304
311
264
323
374
578
574
430
315,279
369
389
555
304,279
706
449
505
439
520
527
459
617
813
1051
387
1027
1071
433
690
902
889
568
1047
1306
1202
539
362
872
374,264
369,279
1274
719
477
520,279
832
389,279
810
1077
1176
922
420
502
1109
1053
1403
814
1101
3723
763
505,279
555,279
1561
706,1027
1566
1667
709
549,815
1023
927
449,279
994
7577
1139
311,387
617,1027
1364
4900
1455
3610
279,3723
682
1694
279,1176
2403
704
3109
2380
2533
2326
1283
4379
1766
1903
649
1102
1193
832,315
8636
1690
1063
1436
1405
2391
449,264
1511
4846
1234
1070
912
2737
810,1109
1603
3778
1990
439,264
690,387
1253
3723,4273
2883
2663
7376
4987
5707
358
8013
1457
1060
5165
1606
3842
2162
892
9675
3309
904
1124
7559
555,264
1935
5054
3116
2911
7510
1614
3010
1120
1418
3346
422
369,264
1306,279
11340
7665
3221
13487
4435
832,315,279
1396
7327
990
1071,430
3967
1523
264,502
3952
5762
2212
12801
4491
2834
2035
430,433
2103
11499
6411
1304
3363
1022
568,574
520,264
279,3723,4273
1778
4872
1047,1027
3719
1005
1521
374,459
1203
3005
1148
3440
1561,4356
14409
1555
7808
4330
2225
9405
1115
1952
584
279,1917,596
1828
7559,304
1461
12801,9675
5068
4315
2684
1664
6355
9057
1243
2019
1093
4216
1162
4184,311
48078
430,568
4848
3224
6244
13487,315
220,605
311,617
743
433,574
6625
1550
3782
520,3325
889,574
586
3697
4562
5961
499
2132
927,279
2890
4648
5651
31334
8753
279,549,815
779
961,315
4994
2163
6137
4892
10771,311
330,791
1917
2085
709,311
1396,315
2254
6197
1139,279
7239
220,966
3278
1633
3892
4036
4717
4033
3682
2324
304,459
3823
656
2919
1053,387
4208
1884
279,1890
279,1455
2795
471
374,7559
4245,311
922,279
10289
5734
3432
279,502
2128
1862
836
2391,279
2736
7957
2046
3156
3335
5675
7928
842
11352
8636,304
10388
1888
4375
902,374
6689
1057
315,1202
893
304,1561
1520
1912
11007
1841
15155
10058
8715
6696
1288
3293
13621
4038
733
6918
3070
5623
7690
6864
4028
2030
3090
311,1304
2978
704,315
13419
304,813
2728
1938
5590
323,1023
7418
7043
5587
6186
17312
1790
3389
4295
1579
5597
2626
12800
3907
9220
3297
2468
1556
11904
6832
279,2326
1501
2410
433,374
374,7559,304
1268
3685
16689
11922
1606,315
1666
4740
2949
1778,439
1934
6004
2015
5918
1306,264
8690
6790
220,1041
1648
4529
15201
6821
5376
2010
2768
1550,539
409
11953
13054
439,1664,439
3314
10471
6740
6941
3508
1948
1212
5605
7729
824
5274
2646
8931
6164
6931
1855
2500
8563
7159
5415
2678
8254
6787
1524
10405
5353
7263
3158
763,279
6063
220,914
4737
3970
3495
3346,315
7086
3300
5652
15902
7100
5710
3363,315
18855
9323
7950
2435
330,40
279,1566
2533,279
3268
7187
2343
5596
9875
1866
2305
13015
12502
5929
6560
6250
24113
2834,279
902,574
3940
6051
3347
3754
3026
3772
1317
2383
374,539
3925
8603
1510
2585
7376,430
323,813
5111
7742
5210
1789
11650
5936
994,279
279,7665
18639
4868
7154
2753
568,1047
2751
3728
1587
4500
2586
1716
4857
8951
527,1694
4325
8096
5887
1102,374
3331
9822
6011
15274
5333
690,539
574,9405,304
311,1935
4948
814,1051
6052
5435
9808
5426
2643
3697,315
1925
6439
3967,439
18538
369,813
2478
2853
4131
11953,704
9120
8079
6781
1561,17340
9853
5414
8283
4375,369
10094
4034
1234,279
311,1520
9214,315
279,2883
3634
2816
879
10461
1274,1051
961,315,279
3063
2133
1766,304
4465
52650
34853
6500
3723,19687
14853
4900,315
6664
11002
15558
6401
8620
13527
8766
220,508
220,868
220,806
3318
5672
1701
6023
279,2132
279,3109
4984
3339
4461
5897
55945
7319
12079
3515
636
4027
8223
5131
10017
649,387
3973
3776
2403,279
11104
6007
12667
16286
7552
4606
10013
4409
8494
6287
220,17
13985
4024
7055
6656
814,527
279,3224,596
279,5165
13739
18367
6216
2532
4101
1518
8813
9096
11713
2011
10102
1455,315
433,706
304,2015,311
11758,315
5190
1505
3596
46840
16374
8624
7690,315
8994
1436,387
4901
4661
4227
8398
7250
4953
6460
9849
7188
13673
10989
220,845
6575
574,1766
1390
12845
3952,2035
3309,279
3827
3009
1614,315
10007
4538
5199
1314
471,311
3766
5526
6787,311
3131
5933
1253,387
6522
3544
1139,264
2038
5064
2997
304,872
304,11340
16390
6688
10633
11145
11217
11441
5220
2363
4920
1603,279
2212,279
7378
3161
1226
9983
26888
25944
1442
19620
22621
12707
7543
1063,315,279
5654
6136
3629
17222
3221,279
6691
3974
57588
2683
8952
3412
26097
1695
6962
369,1202
11213
4632
3117
6029
63358
9749
2204
11021
4510
3201
1989
9306
12360
3025,311
264,4562,315,279
6825
4427
7884
3861
11940
1102,574
11340,596
1283,574
4072
9251
10384
220,972
220,1032
220,717
28593
13882
994,568
574,459
1005,315
1070,374
279,4846
279,3778
1887
7396
16654
4007
8216
5224
11224
2592
1364,574
1071,433
1629
2216
2231
4756
3493
5788
11277
315,1077
3177
6532
3062
4207
1047,264
5315
3691
10862
2391,264
8040
5674
3549
6646
4279
8792
5157
37431
6201
4691
4315,279
682,279
3805
3277
4410
549,2112
30460
4488
7295
12007
6385
10057
7301
10913
5955
9053
10541
220,16
3243
889,374
6424
311,990
1555,279
279,1917
5246
8667
6129
3288
6763
8625
9408
5596,315
3885
11888
5496
5387
11136
374,1234
374,1457
374,13487,315
11054
4869
3838
5678
3041
4689
3938
4726
1376
3663
13240
13147
3568
32614
3345
4580
2466
3196,304
12054
3235,449
6652
9029
8722
17076
6841
5513
6342
6921
10951
8105
18588
1628
330,1687
3995
902,706
1405,279
574,12800
9349
4560,311
1781
279,8013
13766
6917
3361
5039
3600
6412
3560
6052,311
8870
5552
18010
4478
19159
4947
1486
4261
2362
1205
32485
3697,315,279
6593
2697
1584
11913
70916
433,596
8990
10672
1949
19533
7362
369,872
369,459
8954
16558
656,539
6773,311
30028
14718
9057,555
1990,279
439,814
323,1077
1957
20704
19036
8529
22596
10451
8151
46060
220,1049,21
1667,4227
1053,617
6944
17188
2835
2860
311,1505
279,1510
9699
5687
8356
9277
7318
8736
389,7159
17089
5818
6693
3610,1274
2322
6574
11887
1440
13218
374,2663
374,1101
11784
3823,3268
7231
4885
6020
13019
8752
1587,539
1893
31291
6864,315
2663,279
7342
8945
439,568
14467
2057
16657
16730
6890
4452
26166
12643
16784
220,1399
220,19
220,18
889,1051
1051,7577,304
574,16689
6671
4430
10434
5326
7293
3956
9124
8767
1274,527
31188
9107
1022,279
315,1521
10222
7140
39449
3157
6197,311
5762,304
4376
2133,311
1847
32079
5457
7126
25176
5423
3060
12504
8636,315
4686
26283
8036
538
4219
14435
3196,389
1203,311
2561
11527
14065
439,459
24577
10092
12550
6457
38201
21594
16879
12152
36083
32164
220,1272
220,1049,20
7487
1405,568
21160
574,18538
12973
16806
311,617,1027
311,733
2380,1667
279,1917,596,7928
279,1396,315
20320
6067
24740
23130
10007,315
4528
5084
1071,13,578
8640
3135
36723
3424
2447
3118
2361
4994,279
5784
389,8079
315,1124
315,682
18671
3814
10068
3351
11990,315
17352,315
1253,617
1427
26267
9564
1401
2926
3987
2653
2539
8272
24024
1541,956
26086
15164
10003
11501
13941
5743
11007,430
15691
3240
6244,279
22034
11721
13489
323,1243
2187
7378,311
9266
4642
11677
264,3682
264,2478
6104
23782
578,1176
26241
30334
20071
16450
11826
5034
8191
5114
6498
2999
4821,826
20643
31229
220,23
220,1135
220,1049,22
220,1049,17
220,1114
220,3965
15603
2949,279
449,813
7555
889,706
889,527
12512
574,6689
574,1101
5370
12020
5944
311,2343
3463
279,1925
279,7808,315
279,2883,596
279,1162
279,1888
430,1053
430,813
6992
5708
5042
14243
4662
15481
8108
8502
22643
9527
3577
3284
6476
13205
3197,311
1732
8104
7677
389,1202
389,7418
9076
8857
12439
5990
2237
2737,264
706,539
7077
6761
7693
1475
2884
18255
7633
3067
8738
2867
2349
5353,315
9572
555,459
11102
11977
527,539
5606
33575
11754
3485
264,1060
264,4101,315
5929,4783
17657
2684,527
8876
5960,13175
21810
11291
45721
4892,12126
9853,12167
45315
8155
13818
763,264
27945,5111
18341
19722
14160
21393
33589
13030
9332
35230
6690
10180
220,20
220,1691
220,1049,19
8884
4251
994,814
8577
6818,311
3871
22982
420,1060
1070,574
279,8592
5899
30048
5575
10717
3674
2875
10195
11486
5605,430
5602
7296
26403
5371
6288
2068
3430
1514
10887
14076
2930
389,813
389,5651
389,6740
9640
315,279,1917,596
4460
9131
3428
5129
2753,1109
7016
1566,1060
4363
2802
13076
5764
304,279,3723,4273
304,4987
304,1561,4356
304,5651
9689
4851
2010,315,279
2294
2728,311
3953
9770
7626
14219
11299
11495
13605
9045,311
6372
13018
9477
9474
18841
21426
6319
21948
3044
12396
54453
8349
3802
9322
8199
1464
2547
17623,311
6137,311
459,6625
17149
20330
18306
8735
4028,279
24666
8421
24067
19953
17177
15379
16376
5657
5046
7648
9083
9675,315
11097
13972
15984
29335
14894
7997
18288
9635
47477
9052
91759,677,4010
11995
42969
2468,279
13309
53029,579
23245
21348
220,777
330,64
330,2181
701
6267
449,1077
449,459
19001
9282
19201
11552
2288
27531
311,1005
311,5471
311,636
311,842
311,656
3115
1124,311
279,4872,315
279,6918
279,8753
3831
3446
11224,430
14248
21425
11062
8870,60199
14958
4036,264
3984
11223
10461,13015
13621,6355
6978
5946
5684
13234,555
10565
389,5887
389,6186
10209
315,279,7665
5219
14373
14935
3727
13543
21866
1566,2046
374,3685,311
6532,304
9678
5343
38484
9087
706,1101
63197
14454
1620
12631
8420
7690,315,279
6089
9200
9337
4029
5108
29368
10495
12146
4442
22260
11384
10671
17903
5789
527,1457
2744
3235,279
19755
10711
11928
922,264
264,893
96541
41770
800
11746
23072
57116
12131
33084
4497,1109
11519
44681
9130
28574
473,14942
17681
1283,374
9784
12220
57784
7008
20437
56318
14875
42494
21139
220,1591
220,1187
6575,369
889,1047
994,433
6944,311
35148,13766
9269
6424,315
9017
311,3243
311,8356
1884,889
1070,1051
5694
279,8706
5557
5097
7978
5410
6930
1288,387
6367
4401
4883
11105
19496
2579
1972
7969
11422
22670
21102
7410
8009
11335
3346,315,279
22961
44250
704,315,279
389,7742
389,7950
389,6790
3085
12387
7882
18266
6505
3445
3148
1903,264
4814
2324,304
6197,555
19831
9511
12437
7032
374,1694
374,264,4562,315,279
9341
15098
304,3293
304,4606
7214
14247
3552
3925,315
11011
7982
17047
733,311
505,813
4333
19094
12580
11909
3403
9670
6678
22700,315
3287,956
2955
2457
58988,579
4018
20733
8246
9919
8993
11684,449
5613
7917
8824
11426
6880
555,813
14760
6883
4580,315
36197
2731
1606,315,279
439,433
4652
8163
9922
5101
323,1690
8051
18873
1578
5820
264,4846
27685
63294,315
4314
578,1403
3011
7834
15506
57210
3005,574
8471
8524
30389
20935,13634
2360
18993
29604
15704
59929
44177
10423
10783
29210,2192,83659
10780
30397
14409,323
16327
5348
6295
12000
45966
24101
220,2031
220,1627
220,1049
482,264
3278,527
2085,279
574,7577,304
4034,311
4669
16036
11157
6514
311,3665
311,3041
3582
279,8752
279,11650
33155
4236
16495
2555
27202
10658
13551
17516
8853
2019,430
21989
16392
10675
13758
19543,304
10597
5552,311
26827
9313
7620
1920
26153
17274
8427
389,3297
315,1057
4009
3610,304
757
11987
1903,555
4827
18151
5496,304
53082
1160,315
12157
6996,315
374,12502,311
16717
304,1063
304,6790
422,279
6596
10632
2162,311
10187
10695
6166
6650
3109,323
14880
19465
9762
505,872
2115
2733
7359
11714
16374,304
2515
11226
3815
2246
2167
5107
8417
19814
9889
19284
14610
25114
7446
11667
35750
9977
15177
5727
4787
10742
11920
13093
29536
3738
17439
19437
3782,505
8209
10292
21852
6666
520,279,3907,315
21489
4320
323,3010
459,13147
5535
264,1396,315
264,2763,315
264,3544
55092,355
14916,65256
23270,4900
578,549,815
578,1561,4356
26778
16591
22463
11188
19912
8442
29098
23880
34297
20023
18088
10181
15429
5234
5195
12411
18185
6011,315
16777
37961
16803
26035
14681
3296
17520
15004,593
28686
2052
26349
4740,279
220,3101
220,1544
220,2550,22
220,6393,20
220,975
330,1820
42014
5439,555
5922
4375,369,279
30836
449,1202
7555,374
24716
889,617
902,568
902,527
3997
574,7577,555
12845,304
7458
5829
14019
311,4933
311,3780
279,10672
430,1436
4751
32639
1862,369
13533
13471
6041
51280
8336
5609
779,19434
74034
1364,374
743,709
13788
9508
19607
2778
1071,568,574
5718
7091
3477
2077,311
12074
2631
6821,430
13122
5068,430
13901
39089,311
16436,311
5662
17199
9063
24116
3575
29034
4754
8621
3585
11012
18178
12579
7090
25241
704,304
1023,1109
11351
856
1455,315,279
1646
7554
11193
7340
17017
7577,264
10496
5196
374,3196,304
36592
5376,304
304,279,18561
304,279,1176
304,6287
1268,279
10168
1579,2978
1618
617,1903
9021
3794
8965
13481
8895
16515
1766,430
2768,279
27176
14955
11039
4498
10534
6484
4455
42620
4907
20011
34941
20156
5679
25999
27158
11249
7194
13282
26359
12324
21497
4747
7863
41443
8518
8431
22628
10388,315
11742
6140
9478
7076
2512
719,574
14497
6680
33152,311
9221
6244,264
21501
29123
520,1202
2610
13695
527,1101
23442
10923
1306,1694
2686
5217
1180
19426
2680,311
264,3254
264,879
264,2254
264,1938
70381
5632
12656
43205,258,28844
13286
17442
27286
73074
1115,374
31209
18587
18157
16642
4987,16526
42141
94606
3005,374
71085
49459,276
28138,11940
23194
8483
5545,315
35226
13792
26241,30283
48847
12366
15895,7729
52836
10640
46392
12550,596
45878
26982
32014,596
24573
16014
10811
4448
64850
15704,596
14990
7904
473
9454
51485
87578
48082
23373,81346
26002
13690
356,90486
32777
84653
5734,596
14409,596
32489
70695
49162
27647
24448,7250
10229
38243
42592
220,21
220,2970
220,1682
220,1419
220,1049,23
220,17,3610
220,2550,20
220,2550,16
220,3753,21
320,1820
1667,1306
7061
13946
690,617
1405,814
994,1364
9909
1051,2103
1051,539
4785
574,2103
20134
11969
15613
14458
603
3156,279
5016
28788
5542
11380
892,311
6957
1555,264
16579
814,2351
872,1866
279,6506,315
279,7808,315,279
279,5929,4783
3878
21186
3137
2064,483
24740,315
2771
15879
7831
3917
17948
8761
3637
3094
9518
34241
12365
13238
17614
10284
31183
1879
8448
6376
11914
11125
5754
16448
16337
15180
11293
12715
19635
4860
17271
4762
2700
11759
37038
58183
26536
4040
21814
6246
281,749
7980
17057
7471
22139
14329
24026
389,5587
5707,323
19073
19672
315,3823
4272
5933,6962
4731
43086
3300,311
23413
9099
25887
24548
3152
11191
11103
25214
15821
3411
10815
2237,315
6661
3063,311
8774
21928
23348
18667
1202,1866
15167
4619,315
69930
4871,279
15319
3927
304,4216
304,8792
304,5960
5986
10054
10177
2162,8640
17345
19946
706,7376
76270,6374
1912,315
6307
7191
7724
4741
9141
20236
25952
5043
9473
3187
9778
5813
15009
4817
52356
22763
46567
10712
28649,291
34616
37993
26623
18651
12886
24164
11026
828
15455
6444
6968
11705
6782
15692
13375
6724
3290
4131,505
18678,315
5614
10791
4250
3190
3782,311
12096
5951
12967
7916
12224
19123
44599
7953
4920,279
2385
17644,311
10255
18784,430
527,2103
9974
323,1903
323,4330
1306,813
1306,459
21953
3485,279
264,5199
264,1841,13054
9935
90357
63914,2766
52131
578,502
578,3723,4273
578,8013
30567
44883
21533
19198
36903
5475
5488
10657
10016
67447
42893
9540
3816
5896,83097,12,69032
393,581,360
97954
55034
20302
6193
7089
38544
17355
40796
1561,17340,3962
19574
19461
20214,315
39855
5210,22621
24160
22868
7228
9086
16132
15466
3842,80840,596
11699
24922
358,1097
11344
30206
19229,2630,596
19229
8270
18063
14253
23495
8681
480,2429,268
11871
5629
82547
44742
7570
30563
55091
43532
11182
11050
6406
13332
10554
921,404,582
48063
76400,263
8715,315
5033
1666,264
35217
29026
22395,279
5270
17128
27329
362,893
220,1954
220,24
220,1490
220,2096
220,843
220,17,11,931
364,1820
330,2181,596
10353
1053,617,1027
3278,596
20611
902,1051
4024,311
17496
584,617
12571
5828,956
7899
21728
17136
12263
27274
1701,279
5304
17821
8316
9320
23217
4967
9629
3839
32753
7364
2860,315
7526
3952,264
311,12192
311,3449
311,5766
311,9604
18208
21699
28483
279,5623
12793
1296
11326
17550
82717,4857,304
64310
15562
16654,264
86642
14708
19646
39098
13656
10034
10775
10374
43529
8982
3230
6216,369
9333
6732
2533,813
45641
6982
8710
4430,315
7392
15748
8854
26681
19624
6037
5326,315
10205
18740
4148
12309
8844
5912
31343
7576
19019
7102
5115
10917
4585
7782
17009
5825
30026
5208
14561
4972
12717
10666
7187,315
64372
7230
1499,822
40001
4311
2035,315
5178
2804
824,2960
16557
1522
31408,304,279
6784
77537
4113
10373
14816
1193,832
389,6664
7351
6617
4520
11935
8187
9501
4562,5961
3769
8762
13490
30831
7195
1566,2305
23672
17004
4819
12034
11478
10487
11134
86685
13076,78739
7931
24589
304,279,1828
304,6457
304,6460
27070
17563
6908
16388
2162,505
1461,311
7701
5190,1109
706,9057
2653,8614
1450
1047,912
3139
21319
5015
12474
3109,596
5915
20192
18661
505,1202
11999
21095
25957
11722
61272
36214,12509
8850
12764
11572
6029,430
1567
12434
4676
12459
6847
10043
24465
4358
11469
3649
9476
47591
17693
5655
13515
16779
5710,323
26186
34853,1139,264
10121
1797
53103
23915
14691
8738,311
52673
25559
2980
7434
10937
11411
6170
4526,315
18105
13962
15676
30608
34576
99740,2473
10223
8815
31291,824
18890
9515
1650
9873
7353
53645
2565
7720
11846,311,387
4510,430
9567
5578
18677,555
11965
26816,15846
439,10388
6916
8111
14638
14154
3392,315
6276
9610
16584
5369,311
3779
3604
264,5897
264,1695
1901,13722
816,28342,1952,78
11463
23225
37003
60342
8691
5112
578,1455
578,5165
578,3778
53795,596
21972
7418,596
48749
12937,19224
89675,315,32492
34445
9984
4987,11904
12667,59082
10170
18387,23931
49459
19220
13960,1334
13063
40845
43018
54118
17054
5896
31597
50930
57281
20199
393,3581,268
16867
17145
9843
33063
1561,4987,23782
27562
34221
36831
19149
20832
65552
5210,596
23820
81669
386,11487
25715
44172,11949
29656
11876
80840
12336
30390
13653
64133
622,1013
7762
23028
15558,40980
28501
7327,21348
22107
473,869,485
15383
16183,7129
89140,507,447,12574
11166
56290
5856
25431
5659
17997
12369
23548
13759,370,13807,8290,72,5165,72984
30473
47993
42021,315
15367,84001
15922
35218,47547
22621,2637,389,7159
26545
39133,596
9304
47624
47014
58989,596
24991
38269
8925
32207
17768
18919
2468,3325
25871
44531,596
23590
8683
81474
17214
220,4728
220,22,339
220,22
220,1135,339
220,20,11,931
220,1758
220,1049,18
220,1049,16
220,1049,15
220,1049,11,931
220,2550,21
14071
1060,596
4477
3350
12128
449,420
690,3449
690,1101
30405
1405,568,574
3090,323
574,1176
16626
6325
11996
17192
26255
11731
54944
29590
3619
955
1403,11477
28497
13353
1456
4322
7710
16572
34563
31070
24891
44180
3309,19578
311,3493
311,6144
311,4465
311,1893
2316
420,2046
2574
430,1521
29331
64470
13643
13639
13426
13803
38141
22340
30861
11815
8312
12090
16066,505
42184
2450
51181
26399
17876
15223
38126,311
7493
10756
14980
25319
12518
59335
6566
9041
12570
6859
9606
6604
46384
42552
4423
3241
20149
13219
12207
9204
743,315
3882
3288,311
16614
3280
6237
17864
17715
13254
4780
17294,389
10960
15947
44734
54068
3495,323
1397
18307
5133
18010,279
9002,279
18189
11349
32230
2944
97665
10837
39824,374,2663,264
17257
29440
4367
13541
6958
8405
19168
14050
11311
19487
7224
18629
11626
6721
17276
9124,555
1194
3430,315
10235
33269
19698
16701
1772
13336
10093
17477
19287
40067
5737
2851
9293
4641
28781,6067
77784,11552,72227
8893
1853
6699
6857
6506
16475,311
389,7884
315,279,9941
6994
11775
5406
10411,315
29804
14188
24345
5995
7138
81027
7366
10213
51112
66194
13942
11990,315,11441
2643,387
6278
47112
3697,315,279,27945,73808
7438
5030
13160
4850
15266
18646
6373
19913
16163
12439,505
5238
45089
1095
11203
8294,1109
14090
4363,826
27212
5622
28219
55606
16239
26453
30215
7859
304,279,1890
304,279,3347
304,279,2326
304,24024
304,26086,927
304,9200
304,10384
13241
7417
52942
5448
9764
602,37
17055,64465
12966
21685
15580
99119
2162,12185
568,596
706,4529
6206
19407
6761,60082
6835
3828
20802
7373
505,1077
3645
13952
16706
39262
32122
7060
9455
5616
5151
4519
19214
21536
9193
16781
3217
28099
12304
5127
4553
21787
17045
13627
21190
48702
22472
6873
10165
19441
16410
13096
6138
19823
29496
15910,555
23899,315
6319,311
27167
23540
7781
27291
58988,579,2922,4535
5425
9960
3388
14921
6332
11835
3729
11761
16812
8599
3044,315
19002
21859
12896
14890
14830
21039
22618
5268
5873,315
26333
18824
12541
6445
8515
12782
24862
8260
22685
21444
28016
10015
17659
18808
9046
8334
17685
33606
13162
33151
7239,304
46959,311
13919
3719,810
23641
72759
24032
22126
24869
13865
19969
25524,13054,574
16975
520,4325
4691,279
439,5246,439
439,1690,439
527,15042,304
29251
8475
5603,311
9435,311
11341
17480
10099
323,912
323,3116
323,8013
37756
30764
13200
453
44024
7958
33789
12884
8735,596
24895
11737
41960
4435,5111
90940
37958
100233,26097
468,44337
36011
64749,455,484,2192
33412,61544,14767
92368
4196,2382,12634
53285
34725
22703
4212,32780
13266
578,1934
578,18288
12053
88245
3247
12911
62394,16377
43554,2423
14129
45072
36664
60410,596
2100
19435,88
79317,706
17177,10118
82693
21181
12667,3331
27188
19627,39337
328
16870,3370
16870,3916
46048,57200
41732
28059
35348
23688
26361
40677,34182,73,5676
432
30427
43288
7302
35636
62145,596
33578
45552
5874
5975
83342
44037
64239
8410
507,56557,1215,5114
22302,8870,60199,374
67659
18955
18083
4491,45315
7648,315,279
29538
14603,3634
18045
38895
21725
9176
19922
94286,71245
18866,450
5843
21256
15277
57111
735,28787
40340
69756
79193,17472
20819
12201
51206
11641
17420
26523
1102,596
11340,596,502
6890,323
358,91921
358,2846
358,1781
61628
19730
13370,34395
56290,596
12445,18584
99400
10517
480,56261
20524,19221,95682,7442,596,9983,12643
39843,38810,2947,42221
66620
33600
14337
62314
89943
12517
84027,45
435
20026
69462
16645
53527
15212
22653,58333
23362
9420
90114
469
12220,279
16795
39424
6187
57784,574,18255
32380
22621,3238,82
61834
47633
30071
45926,1286,10333,4458,30616
52798
8283,596
11517
9576
13740
28200
13030,38527,35758
78844
35374
2030,279
44789
10690
426,632,5092
10406
52771
14596
46740
62245
13538
2893,22292
8494,596
88035
22103
13936
44312,66864,5797,797,1414
42494,30500
17368
9489,276
27525,42327
21293
8339
20661
14925
20643,279,8681,596
65781
86114
220,2075
220,2636
220,2983
220,19,11,931
220,1644
220,2148
220,2550,15,82
220,6330
482,578
400,16
330,2028
330,40,1781
330,1548
