279
311
574
264
578
323
315
568
1047
304
433
813
430
779
1606
1077
374
389
1364
369
358
1633
719
304,279
1051
449
520
1461
315,279
1283
539
7846,956
814
617
505
704
1053
389,279
3005
459
433,574
1102
311,387
1027
8766
374,1633
682
2231
1436
520,279
4488
3842
1667
3952
889
856
555
28588
706
636
527
922
810
990
1070
1518
1606,1364
2435
4491
14596
369,264
31033
3156
30505
1124
430,568
439
8388
1047,1027
719,568
690
1606,568,574
350,51071,3444
1790
8529
2751
3277
5828,956
5602
1314
6691
1523
1102,574
2362
1047,311,387
814,1051
779,568
374,2288
1524
10003
927
22195
1109
304,813
6688
1550,539
11641
994,568
1243
1306
358,7846,956
10058
1555,279
279,1314
2035
1317
7126
1226
8876
10455
15387
872
2103
33085
6755
323,433
1053,387
2162
4691
578,893
37373
7043
33621
2030
1053,617
1288,387
704,311
7882
304,264
649,956
1606,814
51206
574,2288
420
8813,279
7111
1695
3403
3782
1115
40904
11824
33919
29026
902
430,433
1690
1139,279
9235
555,279
2500
323,1243
578,2007
1148
5021
10837
4333
4018
3842,574
13142
358,2231,279
1283,374,1633
9454
1234,279
264,2478
4491,13,3206,745,6581
449,813
9160
832,4617,653,10453,690,5387
502
4320
1442
1283,574,1633
12263
6818,311
7731
1373
1274
1095,1461
1120
719,1364
3485
40139
2684,374,264
8434,956,617,311
3318
449,264
3249
4024
11689
1511
90918
311,2586
279,1890
279,4379
3940
6216
2678
1288,617,1027,810
2978
13541
3284
1457
856,34236,311,2567
5992
12439,1403,24552
14535
374,264,1633,35509
18719,1077
80269,369
3838
813,4538
1618
617,17454,1633
706,264,2763,315
1047,2163
1695,15369
13481
1766
369,459
5052
17011,304,813
6134
8636
11033
46569
11021
1606,433,374,2288
459,6596
2744
4227
1306,568
264,893
1115,2363,11784,42482,311
578,7795
3005,706
3092
48390,12570,311,47863,11,15061
3842,22163
358,4985,617,311
358,1541,956,1440
358,11953,279,17222
5414
1283,690,387,7366
7570
36035,596
25972
10463,11846,430,45557
14596,7318,369,25972,596,7926
33919,39169,1606,79479,8434,956
8766,311,1935,2512,315
8766,5946,279
2468
1666
9489
330,35,55441,9135,574
4934
6656,704,311,387
892
279,1193,893
279,2363
2007
779,584
9462
43457,856
6693
10456
1093,264
12157
10168
6865
3691
6548
7041
9960
30488
3770
9567
11573
5041
13989,889
578,5679
350,51071,3444,596
14129
4488,596
22195,33085,389,31033,596
18063
99068
28588,374
33621,1071
9489,596
4740
15746
30315,520,279
603
709,279
14113
5542
3115
3463
279,2547
61221
88949
21818
1501
1288,1304
2579
11422
21108
5869
18435
38971
6574
757
9152
11203
24958
12966
1268
568,1053,617
96812
25720
9670,709,3411,810,1093
13633
70458
45259
1938
34853
1436,539,1520
9624
75477
6369,63005
5614,813,4059,323,6656
19692
9145,315
4652
90713
51521
64787
65332
578,38782
578,51067
578,14248
578,4379
578,19354
578,4027,5794
578,6130
6007
34989
1443,266,869
8388,323,29793,527
8563
13558
7043,596,6603
44513,596,6699
11826
25459
45170
26608,321,869
16768
30301
13142,596,38594
7957
13972
9454,574
63264
22653,596
2999,13,27329
423,6347,4691,1148
53512,596
53512
66102,22012
24101
41184
29793,596,6699,527
