279
311
578
264
358
430
374
3842
315
323
574
304
499
387
568
389
369
690
10455
449
8766
304,279
617
1550
889
810
813
311,387
433
520
555
706
902
539
1283
1047
505
1102
2435
315,279
1109
893
527
1053
439
1077
1226
2363
1461
1027
2231
3011
420
656
1364
3639
757
1115
904
10699
389,279
682
856
1139
709
6688
584
649
430,568
520,279
719
2684
362
459
5602
3005
1063
1102,374
922
1071
1440
733
1288
1051
279,810
1781
6945
3828
8529
4510
16299
3842,374
704
8343
1550,499
13818
701
1274
1790
422
3287,956
1475
1093
11846
279,2363
617,1027
449,264
5678
30912
4236
2646
1903
1436
11021
3288
5575
779
374,264
5041
1472
449,279
6945,315
832
1139,279
505,279
5084
1373
2751
555,279
8334
311,617
28588
5387
1566
4295
656,499
3782
1603
4024
430,3842
2650
814
477
2643
578,810
912
1690
53391
3596
4691
1633
15243
2231,279
13452
7357
1070
358,2846
1148
872
1541,956
1390
2163
6603
4934
2011
358,1440
3508
994
2288
1253
893,889
28219
1053,387
15849
1587
13919
927
10456
264,893
31033
3344,12791
1102,574
358,617
21456,35668,71
4461
3403
8415
6944
6818
2322
10699,1550
3780
2362
3026
3041
5127
18984
311,387,264
2133
35661
4228
18496
14760
682,279
3309
430,499
1071,430
1461,311
8884
374,51009,1109
1306
3092
358,1097
14253
902,358
892
3463
1518
29340
704,315
3021
59334
1120
23724
2057
4024,311
1234
1521
8964
1268
6688,279
5679
358,3077
5333
636
12336
358,5602
47685
6818,311
3575
9364,315
374,539
568,574
733,311
4510,430
9259
358,1541,956
4934,311
1124
502
358,5895
927,279
1523
578,893
2360
5403
6244
39485
358,1781
5884
1556,942
2834,956
603
430,433
1022
3300
1695
2911
1841
8388
690,387
1648
1555,279
430,584
16615
15243,311
2007
50777
11721
2744
3639,1550
3842,596
1283,596
311,5387
1778
3970
1193
4295,279
2133,311
13305
2403
1442
14910
1884
15849,430
2019
4872
1057
2697
433,574
5334
656,499,1781
7281
22982
430,1364
430,10455
2343
16180
1317
568,374
706,1027
3685
12459
3802,430
1694
1606
4427
4491
7762
763
51983
2380
3892
2873
5602,279
2216
1514
65101
7111
8774
433,311
433,374
1139,264
15580
3277
82936
14596
889,574
6944,311
32797
704,315,279
3629
315,813
6691
810,1109
4536,956
369,499
3250,956
1716
649,956
4920
48749
22195
358,6688
990
1234,279
11326
27374
1455
10054
1047,1027
24450,311
4018
2684,374
3842,13919
20263
358,4510
9454
19487
1304
9072
23980
719,358
4205
2403,279
51970
75671
98408,24409,635
6832
430,568,574
11937
4885
1550,568
3363
578,8415
10455,596
6941
3090
1778,264
4587
1732
9076
3838
1176
10896
11922
7263
14760,279
19036
358,1390
435,13184
11517
889,374
311,656
279,8945
10837
8196
3515
6380
1766
1505
8343,279
1855
2586
30912,279
10699,1550,499
1115,374
3842,690
3842,706
358,3288
2052
889,1047
1403
311,733
10717
2103
1629
15062
15753
11713
6661
7020
3169
568,690
23415
2728
6688,264
11299
8679
62920
922,279
4314
42287
1789
94870
279,8334
5084,311,387
8800,279
1022,279
32918
15262
27096
6755
2478
1523,279
1550,539
10699,656,499,1781
11208
578,3026
11291
13142
1102,596
53425
8753
71322
14792
4007
9508
29340,264
3449
55406
706,264
4333
11021,264
11846,430
2610
323,10455
52179
358,1373
43881
30411
1664
38593
311,636
279,810,499
279,3828
279,3802,430
1935
40606
1205
3062
8208
24931
7126
35661,279
14763
538
21739
264,1695
8563
3842,15243,311
358,4691
6575
902,2363
15203
16986
8710
21109
6476
2035
11734
304,420
16388
505,264
16706
16689
6847
12932
9922
5101
578,15580
51473,91556
1952
358,3358
358,1047
358,30912
5414
18063
1283,374
13985
6267
1405
3952
311,617,1027
1314
19168
10666
16064
433,311,387
7724
1524
30205
439,264
763,279
358,1541,956,1440
435,5362
6498
9393
3350
690,8343
902,527
6656
3582
9998
6425
7182
1202
422,568
21901,315
4027
84852
2853
74873
16893
4950
264,2763,315
2684,527
578,4236
578,5575
578,4872
578,8334
18587
7043
2209
358,4024,311
22172
32608
67463
4701,309,336,6414
6261
3995
12263
22982,279,5041
7556
46498
1288,387
1364,574
3708
3477
5115
49910
6308
39603,5706
3544
2567
1461,311,387
1618
12775,956
7077
369,757,311
4330
29496
2204
15884
16385
2731
4661
8595
578,11326
578,2911
358,3287,956
358,4510,430
5340,65670
10058
8766,596
29026
10541
499,1288
449,813
311,1304
279,11572,261
13051
23255
5737
14519
389,813
3221
7577
5196
374,2288
25530
1520
11722
10409
7172
40700,291
2883
1203
578,5679
578,2363
3011,596
2360,832
7639
12201
3842,1071
33467
358,1390,311
358,1781,430
358,5602,279
358,11846
23373
71058
31156
449,264,2579,3504
574,11961
311,73707
279,3026
279,1888
5899
78721
12570,311
21881
4423
4848
13219
26139
8448
8254
2978
6288
71598
315,420
315,1521
1828
3966
39803
757,264
3967
6980
422,499
1579
38674
6761
5457
369,813
369,1077
7795
7693
9193
2884
14763,279
4394
15447
2663
19692
10868
2225
13179
323,39485
1226,11846
13266
578,810,1274
578,893,889
578,17293,7218
578,1716
578,5041
21077
14662
9029
3861
11519
12140
1102,374,3062
358,3077,2646,3970
358,1093
6385
1283,690
1283,706
9062
17520
9489
4740
690,733
2288,1790
311,4007
311,21635
279,3637,323
15972
2555
4401
6227
5684
912,832,775
5030
3411
3974
1095
304,813
80269
813,7126
568,1550
505,5348,9336
1949
1475,32797
8636
1550,779
42423
2466
18677
264,60230
19418
10699,656,499,1781,430
578,13305
52952
57659
39162
3842,649
358,2980
36035
25871
5439
574,2728
279,1890
279,79680
279,502
279,810,568
279,7724
430,5127
3827
3137,311
4529
20047
2771
15201
27202
1364,5334
41420
586
4379
3197
1023
1457
6799
33085
22145
304,902
10054,12932
4106
2162
568,596
47132,596
1938
5727
6646
19987
555,8563,51016
5606
6590,7401
922,430
4946
9220
2684,574
578,5021
578,10747
3011,3842
32618
95175
83421
5751
10455,690
3842,374,51009,1109
3842,22954
30750
12149
358,1440,264,893,889
74310
44187
89943
3053
51983,690
90134
2468
1667
1060
40164
3249
574,1633
4034
12690
5542
311,1093
279,16064
279,1716
430,814
12917
11509
5246
12056
26332
14297
7936
66299
15485
5068
3488
14561
3577
37038
13061
14268
7318
1825
315,1077
14000
19093
14403
74732
374,1148
7214
4623
1268,1790,10819,264,6530
12491
706,3596
6835
4689
369,8766
25675
4745
7151
5127,889
16470
28883
19683
54244
15164
10491
15455
3224
23803
5614
649,387
82454
31394
41778
3201
6666
527,499
323,14253
6492
459,2362
8051
264,6425
264,502
10699,374
6104
15148
2435,649
2435,527
578,11734
578,1841
20783
14129,281,3903,291
2100
17582
10455,11922,430
38649
9176
3842,5602
51206
11641
48311
54765
358,4265
358,5895,889
358,7263
11697
43396,638,3582
2052,279
362,893
3686
4477
2085
690,539
584,1047
31869
4560
11092
63108
311,8884
311,387,76310,16986
3463,430
1243
279,4459
279,4872
279,1732
279,4717
279,16893
279,10099
279,2895,21508
430,433,574
20041
40606,279
35372
8330,8363
12056,291
1364,374
1071,568,1053
1934
14958
39824
14050
37475
3284
33894
18178
1866
389,8884
315,3300
29198
32485
9501
50459
1253,617
12502
7111,709
12439
64748,311
12197,311
9564
374,1633
26253
9167,956
2653,311
3790
7564
3139
6688,279,5041
14098
3691
6612
29850
12504
34468
1587,539
3567,21020
50351
8659
7846,956
1436,539
32238
10791
32656
3782,304
555,856
14432,291
5918
439,1690
24149
323,10455,1550
323,6941
3235
16984,315
10164
2057,8884
2684,1051
578,86142,556
578,75057
578,58835
578,2362
578,13093
17177
53391,50777
8442
18083
7648
45170
54783
3842,3309
33172
358,4934
358,2322
358,304,3004
358,3596
1283,574
1283,25720
27246,24985
21663
6941,20968
47713
8766,1047
1666
24101
9053
35403
8434,956
690,3780
47712
1511
52346
2288,1690
2380,3026
3245
814,617
5694
279,1917,374
279,8334,596
430,1364,574
3371,499
2064,309
40439
3831
13471
3940
6604
4538
18570
779,1790
61014
1364,596
3892,3995
743
16008
9298
6367
83933
34520
7091
9257
27569
4036
11422
5435
11335
39441
1522
389,420
389,856
389,555
31385,38759
7086
2011,539
6574
1427
5129
4048
32627
28219,279,5041
1139,279,3130
304,856
7895
16026
8987
5900
16089
3794
88340
17078
7241
14333
842
20722
51536
7690
22996
6773
9960
20162
5226
272,6321,277
3782,311
1650
719,568
5951
4546
15688
36197
2766
36086
6244,264
3958
9908
17782
6916
29251
4320,430
323,23373
1101
9650
23838
16299,2363
11208,1550,499
3639,1550,8766
19036,30280
2435,617,912
578,37482
578,9998
578,3130
578,1732
578,8814
578,6134
578,3830
89406
31033,58366
29140
11291,374
62253,9575,48259
1952,279
55629
92306
30301
44365
3842,19487
3842,16180
358,1903
358,48907
358,10712
66094,3021,311,8343
2650,1790
47363,272,2364
1283,15203
12522,499
47685,19201
47685,3309
58274
8766,1554,8099
24852,6181
1556
42859,11953
67463,281,11059
220,19
379,23427
1053,59217,279,27270
20910
449,902
449,1317
10160
690,1977
4251
1418
28994
584,16689
15525
3156,433,1047,10717
24891,264
311,6667,279
22982,279,5041,311
279,3754
279,2883
430,29607
13639
4737
15187
17948
20186
9041
7543
15541,839
5609
7170
4423,889
40086
3254
6689
33012
6129
23719
9581
66839
18640
65330
1629,3201
4883
29658
23023
7576
11349
436,3359
82527
3118
55064
16701
35267
44461
13205
2035,311
10512
51041
30409
1193,1306
6209
3085
315,856
38971
2646,1047
856,7126
11013,9495
10705
13339
79688
3339
17813
7111,279
11941,291
6439
6975
4221
7577,279
64765
19678
1139,459
25408
5678,311,387
5190,279
706,3719
7077,311
42436
14264
8352
5334,23268
4156,315
505,813
28634
21095
369,1690
8220
26559
17162
282,1683
10819,1109,358,649
3117
6548
11497
25078
6029
4395
3403,6776
4774
19507,279
2391
63811,81402
46479
3250,956,1093
19814
1436,3350
91670
5108
4131
4526,315
69568
28799
2349
9057
9322
50631
20333
9046
20753
46664
1990
80392
1027,779
9567,279
27994
25629
35447
4879
13695
9989,43398
323,1063
323,856
86324
7378
14933,3946
11677
264,3838
1472,1288
3161
13440
64377
1226,14322,76,3359
1226,63011
80936
1115,2363
578,16483
578,6462
578,1193
578,61820
578,39803
578,6980
578,3838
578,15580,27096
578,22641,804
578,24862
578,8334,596
578,49817
29988,5169,44033
98425
4427,315,279
3005,2744
51289
83278,374,75517,9894,1523
3816
37373
20199
66991
2876
4497
58500
10455,706,2646,59334
82934
19178
35745
3842,2231,813
3842,6755
33467,78721
7762,374
358,38593
358,3309
358,19180,279
358,11713
358,3987
358,2523,818,839
358,45017
358,64747
2650,34300
61338
18063,1047
82936,27313
1283,38593
1283,32839,3842
33826,1122
24765
1789,3842
48644
21393
32608,7108
73658,3966
11824
356,37029
94870,85715,839
10690,19167
79789
26349
