279
311
315
304
264
323
1071
578
364,82
389
369
574
430
374
520
449
3346
315,279
662,578
304,279
555
505
1051
387
439
477
706
433
690
568
617
459
813
1047
539
527
389,279
889
1202
3610
1101
1053
1174,477
709
1027
1306
1403
922
814
719
549,815
420
1109
358
810
872
763
369,279
1060
902
362
1566
1283
304,264
1274
1176
311,387
2883
31291
832
3585
1023
1102
1561
1667
1077
1523
7239
7159
1174,902
502
1174,330,1071
912
1614
430,279
584
2046
4379
1139
7510
810,1109
520,279
994
39322,74307
927
555,279
1174,889
1174,719
364,83
1226
7742
13985
1436
6740
690,387
8079
1561,4356
4491
2030
330,578
1063
3723
3309
1193
505,279
13551
2403
649
824
4430
16392
892
2380
1364
3585,1174,477
2533
449,279
11380
279,1176
704
3685
330,1226
1603
14409
662,763
6763
1766
7950
11340
5590
682
3778
1461
5224
11299
6918
220,16
1070
662,362
330,358
1405
3109
1124
7577
220,605
4872
5068
1455
3432
3754
1550
1606
617,1027
2435
1418
1934
1694
1174,330,568
1884
422
1912
279,2883
8502
2737
220,17
18367
1162
706,1027
2326
1555
2305
4900
220,966
1903
2391
279,3723,4273
1071,433
904
2019
1690
369,264
1990
5210
5651
1778
3346,315
439,264
662,1283
1071,568
1828
5578
1120
6406
1457
2162
4330
4648
3010
1115
1935
4068
19284
12800
1550,539
5220
3779
1174,568
1148
1174,2737
1057
656
4783
2132
586
4216
10405
520,264
1174,330,568,1071
8636
3345
5157
2795
1938
4184,311
449,264
1234
389,264
1253
433,574
1047,1027
636
11684
7418
7301
824,2960
1963
6931
779
6004
4038
3157
13019
10388
2500
43532
4208
2626
12201
1288
505,264
3116
4580
8951
1952
2103
1022
5597
264,5224
499
1862
3026
2383
2663
7376
6652
2468
220,1049,17
1174,4184,311
3156
6787
6411
1304
5675
374,264
2919
11527
2212
5887
330,1102
1917
3278
2085
2068
5274
3221
568,574
842
3440
220,806
1139,279
3011
3297
220,914
3892
323,1023
5708
9527
832,315
1396
8990
4846
31291,264,4430
2561
7008
220,508
662,1102
1511
5426
3697
4227
1306,279
3005
6011
662,330,578
1887
5605
1579
3568
1174,1405
1243
1093
4360
2225
4529
2163
5936
220,1049,18
1053,387
10094
709,311
6574
1566,2046
8036
3782
13658
264,1060
45285,315
5587
3842
662,2030
279,549,815
1071,430
13254
3197
10092
220,717
7692
311,617
1781
3389
1566,1060
9572
4315
9675
220,18
662,330,1226
990
1664
279,1614
4848
3346,311
3347
7154
6693
2890
1855
1203
5632
430,568
4478
927,279
9640
2802
3363
4691
3314
5955
220,19
330,1115
1948
3956
2343
281,749
3885
2038
24608
7690
10017
507
4953
220,1041
2834
3508
1633
279,1890
6787,311
4261
3682
304,459
6029
555,264
1442
22621
4948
1521
3814
11913
11011
2133
3663
3044
11684,449
3158
6250
10289
1283,1071
574,709
1005
17312
9269
2532
2646
304,264,5224
5762
3070
19284,311
8735
14681
4740
220,972
1174,709
1648
961
389,6740
1396,315
836
2324
2911
5165
220,843
220,868
2860
4737
389,7159
4033
315,1202
5623
1436,387
520,3325
9266
4892
29022
5414
6287
1174,1418
5672
1390
12697
3952
279,1162
5326
3284
389,8079
7140
3610,304
1440
1268
6650
4027
11145
1666
58440
311,3345
3827
315,813
2011
5897
5064
2728
13240
18160
4018
7884
9029,31631
12007
2949
430,433
3288
4868
7510,1071
11499
856
1790
893
3339
2753
304,11340
4207
2586
8151
7487
4024
10102
3300
7214
4121
2736
13487
3331
9849
220,1049,15
20320
3009
3241
2035
4562
7319
568,1047
3515
1475
2853
4920
2403,279
12656
9220
7327
15984
10058
14160
4409
220,22
220,1114
18217,274
1667,304,9527
574,539
603
3970
1629
7969
2410
961,315
704,315
389,7742
433,374
374,539
8952
4295
6020
3201
7378
8096
8013
220,23
220,1135
220,20
3634
1071,662,578
3135
3493
4947
8931
4814
4461
11054
1520
4376
18661
4726
3117
12504
828
31291,1174,477
11049
4510
6201
14065
578,2883
5960
8191
2999
7188
220,1049,19
5333
1063,315
4036
1920
5946
4009
4731
5652
2567
5376
304,813
1524
9045
2391,279
6137
67447
3861
12336
1102,364,82
31334
1283,574
5629
662,2435
2288
279,2132
1778,439
4994
1825
7086
3610,1174,477
1566,2305
21892
328,17485
13235
14677
220,1313
220,975
1174,330,4491
574,1523
279,5590
4007
8254
3600
10195
17864
5654
4641
9808
4827
15779
433,364,82
733
3041
8420
9337
4442
2349
4661
4028
549,2112
1628
220,21
220,777
662,330,358
994,279
6424
4538
4528
743
1314
4984
3335
3293
3346,505
11713
389,7950
3351
13543
21866
3967
2010
3728
7100
1541,364,83
16410
9200
4857
3719
1101,1071
6790
5734
2030,279
220,24
220,1644
1051,539
6656
4560,311
6696
1109,264
34241
6978
304,1561,4356
1618
1949
12580
6444
1841
1603,279
9306
1957
4435
6825
4987
4900,14409
6401
9251
13527
220,845
662,1952
1174,5605
690,539
3090
1701
1403,1667
311,1935
311,1304
311,656
279,502
2128
3254
1071,814
1715
11626
1866
3085
11888
13419
11136
24834
11478
29374
5315
5457
3136
11007
7239,304
9922
1578
1306,264
13286
8152
20819
6186
15429
10057
7665
12643
11995
1556
9053
21139
220,1272
220,1627
3115
420,2046
279,1934
279,1455
279,3109
279,3778
15201
1501
1518
2231
4756
10565
6691
2997
304,279,3723,4273
6688
1620
9670
16779
5674
6500
7863,449
13093
3738
6864
1650
3235
3805
3161
8398
40891
33578
22137
2360
220,1187
220,1419
220,1691
611,220,843
1174,832
574,1766
279,1193
279,2326
8710
6689
7293
832,315,279
389,279,39322,74307
1160
5387
7808
19831
433,690
10632
369,279,1176
11039
1510
1716
8199
8706
9120
12054
264,502
13063
7043
5020
1102,574
11650
220,1399
1174,584
7055
1555,279
279,4948
279,7140,364,82
5557
15562
2816
1879
6051
8813
3585,311
1732
22961
757
1317
3177
433,1053
6625
304,872
3925
2539
8223
384,11724
8624
2512
4901
6880
3958
2680
8421
8563
6457
7957
11340,364,82
4452
25428
9784
4606
10229
220,1682
220,2550,24
220,1032
3318
6832
6944
11552
3309,279
814,527
279,4208
430,584
30861
24740
7937
5199
5039
34919
8625
11223
16701
1486
3772
6197
26453
5343
304,279,3347
8592
7362
2768
2478
4245
11217
2884
7633
7194
8993
2547
2731
1888
11447
439,1664,439
4410
3907
13814,7301
12667
44109
6664
9853,12167
1102,374
9822
7552
17200
41570,82
220,2550,23
662,3011
662,3005
1174,4491
6514
311,3345,520
814,1051
2533,279
3560
13254,315
3495
19578
5662
3488
3430
2237
6522
12437
15902
10672
813,7555
1047,264
9473
5149
8752
15164
5710
23959
4219
649,387
5000
578,1403
578,43532,12201
8876
5488
18387
23688
12411
662,2468
330,1102,364,82
574,12800
24020
8667
1364,574
3280
1071,1364
21989
3575
7729
4754
4717
7677
315,1124
4400
3754,10017
4272
25214
6164
3544
6532
304,6287
5190
9087
1047,912
16390
3828
3887
9770
4907
5226
10388,11145
1606,315
8522
31499
264,749
264,4379
5929,4783
4427
9259
8588
8690
42969
26475,8612
10180
220,1774
220,1591
220,1544
330,1283
9178
3932
12020
311,1202
9214
279,1917,364,82
279,1023
279,10092
3637
5415
3940
2678
13551,11299
8853
6412
5208
879
5054
315,420
2643
1253,617
7626
3250,364,83
4500
8040
6773
6130
13166
3196,389
12032
8163
13487,315
9935,6825
9540
10554
12432
14409,1071
2052
364,82,5274
3686
1053,617
1418,279
9909
11996
11157
814,617
279,43532
7649
15173
18639
23301
5687
1063,315,279
43578
1288,387
2875
31920
7620
8621
1514
5707
315,1884
5219
1205
6593
2254
11887
1401
2751
8603
369,459
25283
15662
9477
5107
14610
5961
13723
3016
3770
578,502
15264
8524
12801,9675
22146
13235,5955
6941
662,45285,315
662,4740
1174,3515
1053,539
4934
4034
1684
2373
311,636
21699
5694
279,1396,315
279,5652
10795
6129
19607
1071,433,574
5326,315
6821
9408
3984
3118
389,813
2362
3629
3221,279
3445
15266
5496
3063
7195
27096
9341
304,279,1176
12079
6908
1695
20192
369,279,1176,892
3691
4465
11909
17078
16374
8738
4279
11742
10405,315
6900
9322
74479
8197
11965
14765
14638
7378,311
6104
29389
24426
7295
14398
10013
6187
10406
662,4491
1174,902,374
1174,1455
364,588
1051,1101
574,1101
3309,264
311,2567
2218
4236
8216
1212
6732
11125
2978
1071,6740
7296
6052
40001
11277
1522
7318
25402
810,1109,264
1925
5129
2697
7032
433,1047
4871
3062
19946
16515
14955
1587,539
13096
8417
9476
9232
6646
10937
8349
31291,311
8515
8334
24156
14435
14467
6299
3277
14853
21181
5856
24846
19326
10384
662,9220
889,1051
574,11684
17188
17192,4872
5089
1403,2919
279,1614,364,82
279,9266
279,4783
10756
8982
17516
4101
3708
6763,315
1071,813
3268
3766
13621
13205
15639
7090
2015
10411
3966
4460
35050
6767
304,6186
422,814
4851
706,1101
6206
4689
4245,311
3287,364,83
3136,311
11761
19002
2849
8271
6244
323,1403
13307
1180
3485
264,6918
11355
35636
8410
20832
13903,62739
24573
11340,285
38676
12634
31480
8283
12152
8766
7429
220,2148
220,16,13,17
662,1283,1071
662,1666
1174,889,574
6267
11550
889,706
311,733
279,586
279,1912
430,7577
13739
3831
7543
10284
3882
10434
5718
10205
30466
471
2216
8767
1274,304
2671
5784
315,279,1917
5296
6463
2322
6439
1095
1566,3814
374,1457
374,1101
304,5651
6755
7077
7373
11213
12678
4519
8060
7241
21030
10003
2585
13375
5108
45519
2663,279
3240
4315,279
23442
10923
2686
2680,311
264,2046
8529
6007
15506
8471
64234
3402
11291
64239
27562
4497,1109
5210,364,82
29890
11002
6921
10471
1283,1101
8753
16777
15745
3623
3296
220,1958
662,5414
1174,779
330,1442
28593
449,813
3243
574,4529,311
9017
311,3493
2574
279,3026
279,1938
279,4121
430,814
7177
3361
5246
6216
20149
6982
10658
41777
15748
16692
6056
2778
4401
11062
12074
14958
36723
4443
389,13254,315
1828,2046
11103
6783
3428
3411
3974
5238
5990
7016
21928
433,706
374,459
8070
304,3297
304,220,1049,16
3838
3938
8272
1505
24087
7126
13147
6355
2391,264
11667
6807
19359
4787
2867
3363,315
3786
7353
13054
11846
11721
5789
527,539
527,1694
4205
2744
10711
33575
11754
16584
5217
5820
1472
42136,41124
8691
5476
393
8442
473
9454
11246
19620
27390
5955,304
8925
37653
20005
8325
1708
220,5154
662,1628
1174,7863,449
1174,8051
6575
3156,279
1403,5672
7095
7901
311,2343
279,1648
279,4580
430,706
1296
29331
3446
16495
3185
9495,1523
1877
13788
16448
18121
7410
13336
2361
5526
5178
5684
2930
389,7884
315,682
14188
7882
3610,13551
5030
12502
6373
13490
7020
8774
3673
15167
1139,264
5764
304,6250
304,4606
304,220,2550,23
5678
6962
13019,264
2515
27292
28454
14763
20162,311,420
14691
12410
4131
23803
3802
8431
3780
2212,279
7636
18873
8479
13607
922,264
20710
32991
13266
11205
8219
3005,1071
12131
8483
1561,4356,4409
8102
16272
19372
356
14409,8735
5348
8715
220,2131
662,330,1115
1174,8636
1174,220,1644
330,1226,364,265
15603
1051,709
11731
7458
1511,311
3871
311,2586
9214,315
1884,889
279,7928
279,5597
3878
12707
13803
15879
1778,264
9041
12570
10374
13551,315
3288,311
4662
4264
2795,279
5602
1071,568,574
16392,311
3477
13654
7576
5435
4972
6156
19698
5636
6699
9647
389,7418
315,1057
315,904
17222
5995
5144
2011,387
1427
2753,1109
5419
47960
12992
422,279
11758,315
706,539
17959
5015
14264
18057
20323
8220
2115
8689
6484
5423
24608,315
2033
656,539
36489
7766
27158
7631
409
3388
15177
9057
14994
41925
2363
7239,369
18677
38811
13455
682,279
11084
24043
3025,311
264,18367,369
5111
14974
578,1934
29868
3165,21114
66864,5797,797,1414
3489,3064,606
6812
7089
10451
31822
22108
11641
13972
25497
32362,942
3799
43234
14596
3383,299,8510
220,1954
220,2397
220,16,13,20
662,8876
662,11995
662,1556
482,3754,482,1274
1174,3582
1174,2737,279
1174,330,1071,2999
364,82,6763
1667,4227
8434,364,83
5922
690,1935
690,636
8884
889,1047
994,814
1051,12800
17496
4934,311
907
1217
3619
11092
3309,19578
311,3009
311,1518
311,1522
311,4358
311,8417
279,58440
279,8752
3465
3137
6067
12190
2559
6566
2592
8448
13551,16392
13551,8036
14243
11914
14248
5754
32828
11040
1121
16436,311
8108
1972
25243
7187
3346,520
9096
6462
389,5651
13015
5209,1316
10815,311
1584
5842
2683
4819
26981
7319,555
7417
3412
1077,6691
617,539
505,1202
17162
8850
42620
13018
18174
9977
4029
8518
12896
22628
8815
5157,315
17659,9572
7314
439,568
439,459
18784,430
21489
30171
9974
323,832
2759
11677
264,4814,315
13566
13926
6560
578,3778
17177
3005,574
10315
4900,10058
23503
5513
14972
23481
622
26181
10423
9973,818,8671
10913
17520
6295
9332
5033
2468,3325
13596
10541
6690
220,2813
220,2075
220,5067
220,2983
220,1049
220,17,11,931
220,16,11,931
662,2030,279
662,10771,311
1174,6832
1174,889,374
1174,13419
1174,4869
330,1226,527
21401
11230
4024,311
584,364,265
19201
6424,315
311,3351
311,1520
1070,1051
279,1948
279,3135
279,3197
279,5426
279,8706
39873
22340
8312
13471
10007
779,3117
6671
4183
26681
2795,568
6220
15926
5068,430
36417
10837
17271
9313
14050
3424
4762
3577
11000
6928
4379,323
11841
1274,889
14507
8244
11713,279
14076
9107
3131
389,1202
29054
1253,387
1906
18151
14090
3967,439
1202,8592
41653
2802,7969
44330,311
69930
2926
304,4216
304,5587
12966
7701
7231
10736
369,2225
7795
4632
2733
12580,264
9193
3596
17989
6678
3815
9474
34616
3649
19814
12886
11429
12789
5131
5743
13126
3717
4686
12458
15676
11922
30028
9919
8792
10868
37431
13162
36197
97504
2466
1990,279
25487
520,813
439,814
35730,5590
5535
19755
4325
4642
17882
11104
5000,2816
32780
549,815,13,11182,20819
578,4783
30791,44579
26778
24082,729,6780
5960,18842
22370
17076
4800
4723
16450
7648
21725
5843
19178
4702,1238
15466
15155
10951
19174
7997
5114
11994
21246
31164
6011,315
15922
10780
24991
8184
8494
18919,3331
21272
3298
220,21,13,22
220,2166
220,3174
220,3101
220,16,13,21
662,4427
1174,1243
1174,477,220,15,13,16,3346
3995
3492
889,617
3508,279
574,11684,449
3309,23688
311,1461
311,2349
2380,4038
3463
3245
814,1047
279,19582
430,527
15243
3917,311
13766
12518
6917
10886
5410
27202
9333
5042
25351
16079
3622
11889
2132,58414
6237
1071,1202
1071,568,1053
1071,7742
17715
10675
30282
7612
14393
15609
15180
43738
19635
5403
9063
2447
17276
42963
20895
12659
51664
7634
3820
961,315,279
704,315,279
16475
7510,2019
10222
24345
9131
25887
3610,1274
39449
1984
7340
11987
3727
15821
10212
11692
2383,13627
1202,1176
374,3685,311,387
374,2561
5536
14247
49784
3823
4207,315
1847
11006
4156
505,7008
1766,430
5357
8954
12637
1755
16430
4232
2246
46980
8994
2457
26186
25502
31276
8246
4747
20448
3290
18105
9873
5951
5918
3973
6680
19065
8209
2385
14286
31434
8111
323,810,1109
18738
3392,315
2187
20034,520
26160
27464
264,2478
264,2883
40312
549,815,13,17312
549,815,13,18919
7742,364,82
10016
328,5987
3142
8722
22868
445,2518,6670
15704
6385
43396,2702
12478
48428
14337
17961
14160,13307
7570
22653
6460
74804
25028
15469
26545
9304
40692
13309
13929
220,2031
220,1227
220,19,13,21
220,1987
220,2550,21
662,1115
662,578,502
1174,4872,315,279
1174,5632
364,82,21866
364,274
13985,311
2834,279
2834,364,83
584,1047
12973
15613
11028,315
15919
36021
23217
9629
5507
311,3449
311,5387
1555,264
279,3575
279,3766
279,10672
21186
5097
64310
12090
20186
17789
43653
6541
3130
7091
8647
44734
18740
18010
23331
5371
8125
2944
19054
47447,9572
2027
9277
17274
31086
13234
4113
11351
10565,1887
912,5129
17089
7366
11633
7554
11193
8661
20258
9564
374,11684,449
6532,304,279
7931
304,5887
24461
16388
1077,10177
19946,555
21319
11938
17047
9021
733,311
4333
37402
26155
19339
14219
7693
12718
4668
905
9407
10368
29509
10862
13696
14740
23980
8141
2204
2815
9889
10726
25114
3549
10401
9731
25543
7838
8308
10824
7395
8036,1523
8036,520
10495
16797
14718
15691
6920
11953
4250
11426
7263
58626
3776
9567
36707
8951,389
4691,311
439,433
13489
3851
5606
323,2380
323,1243
323,2500
6492
453,29342,36544
453
12576
20038
12178
23838
264,5199
264,2132
264,3335
264,4846
17586
3639
468
48095
2057
578,2326
578,10181,369,30909,9744
22021
80640
35226
10289,14681
26275
36831
10640
18045
12550
38206
20754
17527
13142
622,40
53215
8121
11824
21510
15217
63954,66277
22010
11681,1195
9084,83745,86310
13673
1708,54118
7520,612,350
94251
25300
220,6086
220,3226
220,20,3346
220,1758
220,1049,20
220,17,13,20
220,17,13,18
662,578,1403
662,2360
662,4452
1198,264
1174,1475
1174,2225
320,19541,325
4339
449,1063
449,459
20611
690,617
13882
3821
19530
1390,311,387
16043
11969
8286
28932
26690,4478
40489
8481
3839
311,11722
4948,58414
1070,574,912
28483
279,6767
279,893
24365
12793
8818
2128,311
16066
31120
8333
5942
10717
3094
2704
6041
6604
11936
4423
44861
9508
4883
13758
2800
11175
11472
18307
8454
9861
76437
24116
51534
36151
5643
10537
10666
7230
6476
11668,3585
6246
2748
13517
17057
19949
1193,387
3966,311,387
14373
35061
4520
2643,387
3152
11191
10299
1903,2561
7347
23583
6197,555
44305
13218
374,2103
374,1694
16239
4871,279
3927
16717
304,3389
304,220,2550,24
38484
70340
1579,30699
10695
26097
2653
1047,459
7982
13500
7878
4741
369,872
369,1202
25952
3626
13019,7937
20957
11537
13605
33294
3217
13240,430
3403
14683
3060
95982
5623,7194
16625
4332
21426
11469
37993
16996
13941
19679
6929
10742
24549
6724
2586,505
13962
26283
5353
10791
17439
8260
555,459
1977
11102
12967
11021
6603
7342
44599
8935
13919
8197,3585,311
21501
439,1690,439
8163,7236
10099
323,584
323,1364
22747
9650
13172
8735,7510
7640
15718
11928
264,4528
549,815,13,28317,7301,315,48207
27286
578,1396,315
12053
18157
31048
23072
16376
8388,664,969
432,6370,31202
13041,16879
38493
432,3042,355
9029
393,460,6780
5657
22596
507,364,33,35838
2290
11519
88783
26982
10455
4488
23880
8560,3415
18866,1189
7765,4428
20023
5034
40340
14594
16014
17527,1122
11605
8245
24922
74605
23323
13585
12369,323,26166,17128
17855
2998,2298
11182,18919
39424
32196
24372
14681,18362
15274
30524
14409,364,82
27647
8715,315
64328
70502
46060
551,220,966
220,2096
220,1927
220,1049,21
220,2550,22
220,806,339
220,16,611,220,17
662,6104
662,14853
662,330,1102,364,82
1174,889,706
1174,7999
1174,220,2148
364,82,5708
364,82,14065
364,657
1053,2343
1053,636
4375
13946
29592
690,3493
99482
24716
3249
994,1364
10788
4785
12330
574,36489
13458,750,3062
27655
36543
47165
1511,279
62411
1403,4771
1403,1023
2543
31711
4967
35483,315
18396
27531
311,1862
311,7195
311,842
15338
21699,311
279,2068
279,3070
279,3224,364,82
4751
27294
11815
1862,315
16643
86087
23130
82743
24981
33422
16495,311
63382
16603
6435
33728
9204
8710,430
743,709
27600
2019,814,617
19523
6763,1051
15140
6052,311
2077
9006
2631
1397
7540
24005
4148
24208
13901
21682
52581
6288
29440
7782
17880
17575
8405
26827
8835
22613
24190
22477
4872,364,82
16701,315
1772
8009
10396
18949
40001,16390,311
6136
13061
8323
75526
5946,4528
8717
25241
927,264
36721
20197
389,5578
389,5936
1022,279
50320
41929
14488
12818
21515
16930
3610,42975
18646
3021
7111
7559
11941
20797
2237,2533
26137
4363
433,3250,364,83
374,3318,449
374,6646
2802,4478
8276
15319
15151
9678
15098
33781
304,279,2326
304,1063
304,6652
304,6790
13241
15443
20550
6596
10168
3925,315
1450
27365
55222
14880
505,813
4885
44579,82
3645
369,3187
6530
32122
23677
35018
16054
21536
57409
11646
14800
44878
1567
5813
13890
4676
16924
16689
5149,311
90663
6068
5696
14091,16243
73307
6811
3756
7633,279
20095
6493
46361
29287
8137
20727
7446
17073
16467
20162,311,420,1934
14130
13282
2980
34375
24811
24871
6956
17395
4279,5708
12401
5873
5614
6140
27271
22260
31291,824,4430
31291,520
2849,4641
2107
15679
3782,311
3782,304
555,279,842,315,279
27724
14016
7074
14760
16097
27460
1603,264
3703
18677,279
520,279,892
520,459
520,264,3754,10017
439,5605
13820
17903
527,2103
904,1023
4320
17480
22203
323,4848
323,4379
323,1455
323,1524
453,57985
1306,1694
22223
32853
9610
3604
24279
44445
922,1403
11655,45670
58149,323
30978
17657
18165
2722,3516,847,11880,40201
25579
16844
744
17360,84,23727,72
14129
17381
4476
56760
16759
29607
28280
10291
5545
36521
13792
432
46137
20199
78344
20148
10293
507,364,60699
4892,3778
30281,35155
29258
22146,364,82
10948
46392
20214
34202
27872
30890
386
42970
39162
22195
64133
7762
16286
7327,21348
15984,364,82
29022,364,82
81000
14253
9777,12558
24668
4359
74680,1543
29762
480
33600
21594
23261
3279
9420
4418
32724
26002
40007
423
68307
44810
11511
18039
9052
8602,2174,7911
26211
42959
8766,8283
87779,24409
22677
23179
14875
13936
28686
9091
17958,258,94749
21293
22395
14925
28366
71245
220,7467
220,2614
220,20,11,931
220,2790
220,3391
220,18,6634
220,2550,15
220,868,13,22
220,605,11,931
220,16,13,18
662,3277
662,13266
662,11205
482,323
1174,2288
1174,10195
364,82,4872
364,82,15779
701
65328
5439
14238
35311
449,1202
1148,7077
1051,11684,449
15203
8748,369
34104
54523
21728
34521
2835
12845
48960,291
21487
19579
2373,315,279
25474
6177
35957
13967
955
1403,2919,1306
6656,304
837
26936
311,1005
311,10765
6023,311
15419
430,2038
13643
9562
14645
11156
11326
13426
17550
26555,61818
4737,264
27343
20237
13533
46318
5575
5708,17075
7504
11224
30031
11951
12365
18570
87055
779,19434
6212
12207
17308
40839
46473
6222
31589
9966
10706
16712
7036
24679
44214,323,9337,60849,367,315
41482
10960
6013,311
40207
13122
19352
10597
29658
4398
9879
15481
8881
5905
26403
11349
1373
19768
11422
37965,519,1619
9711
34118
25060
22670
22973
29407
16346
28240
22866
20646
6725
2410,311
40067
15660
4641,6880
3346,3389
28781
8893
1853
24023
8427
13217,2763
7980
6776
8736
2930,4731
389,872
389,279,8191
19672
10209
9076
15538
315,3778
12446
10555,430
42617
7138
27848,3887
11031
24151
22480,438,3876
16088
14756
21078
6799
12439
9687
6522,279
43986
1566,1060,364,82
8294
61135
73139
17999
5196
26969
24834,279
21416
10487
14054
304,279,10092
304,19441
304,15745
304,220,2550,17
27070
2217
422,584
1268,1690
4106
3552
813,1912
22130,88512
617,8667
12775,364,83
706,2533
11850
63197
6800
3794,264
8485
23738
9762
8895,315
10633
7739
369,1884
53206
7060
26559
1052
7216
52650
6612
11299,311
9547
12764
13077
9434
15246,311
25176
18512
7041
9778
16988
15253
18403
5540
6847
14523
2391,813
10043
10896,364,82
26086
3113
14407
11352
1550,539,7214
7631,369
12628
24164
28727
28129
34853
9960
80561
29191
21349
17517
31719
30485
21859
22489
11411
5379
29094
21039
22618
14896
11709
8957
93330
12541
26735
7076
23455
7916
12306
9736,52484,323
11846,311,387
22088
22034
18855
47088
520,279,17149
69522
12054,555
53382
80649
30199
323,3116
323,220,868
28238
1101,374
48458
43087
20330
23541
3779,311
14385
31532
13687
9815
4287
11737
264,893
1630,7942
30504
4435,5111,8105
10699
23315
6383,72,7412
34131
4314
24097
53795
41770
42041,7301
800
16642
21533
2100
9259,2630
10170
6150,315
41334
45503
40845
7572
28702
57281
4366,942
29306
83342,9736,52484
22137,364,82
507,364,8161,49565
2876
2360,13,220,17
65690
27535
32014
4584,7368
11826
79803,300
12604
47126
23896
15277
16526
18711
30833
622,920,13,37863
96852
358,364,67
24008
16386
19730
5492,48070
8270
60350,1468
74310
40503
18449
21750
24765
19722
5659
435,2889
30563
26551
9641
54943
16666
31461
8151,11157
62412,6672
18002,75758
8620
50230,894,73786
13030
32633
41560
7505
9393
13011
39630,404
32207
21353
35230
16784
551,578
220,5313
220,22,13,17
220,5495
220,21,13,16
220,4103
220,3443
220,18,13,20
220,2550,20
220,2550,18
220,5162,15
220,6549
220,4364
220,8011
220,1041,11,931
220,15,13,18
1174,220,5538
1060,12,6438
11201,994,499
18290
2085,25487
449,872
30405
4459
994,872
10094,315,3148,19814
7621
10163
4208,1918
7899
21907
41587
31080
7389
27924
6656,709
56071
63992
28040
25032
35279
31207
12756
16986
311,7417
30985
27903
1070,364,82
279,6514
279,31005
279,6566
279,1925,42535,369
279,5897
279,8592
279,2853,315
430,7577,520,3325
430,37202,364,83
28191
76710
7556
85073
24021
29759
24740,315
17135
29076
6992
73869,291
14976
7978
8631
7833
52041
11509
83938
22066
6859
3230
9606
2555
8579
39962
57757
35113
26084
3254,11667
27681
15748,30883,42631,28439
31487
26214
16614
87836
75757
6622
10954
15389
7731
10688
19624
6037
21425
28537
4780
5070
11105
4097
14039
11763
79157
5133
47311
42386
4856
25834
4062
32573
15753
13541
12850
12391
18629
5788
38171
10461,13015
28185
5128
37475
17437
10093
7463
11759
5636,477,28382
4587
5737
4311,323
9293
28378
7106
18084
11434
11668,1486
9096,33494
9096,56638
12798
50254
55588
2612
85692,291
67437,261
31188
704,369
389,279,5015
389,279,2115
24417
19073
315,11486
315,12437
7000
2646,2834
836,311
5818
52140
10213
4545
9709
11990,315
6743
9932
7438
1253,617,1027
2489
28648
29414
8232
1903,586
12933
66246
1317,9860
10687
2723
4017
4461,311,387
1093,430
2237,315
11767
3063,311
27692
10278
3169
39042
1120,2500
30102
5249
25181
18719
21623
55579
8173
58074
29676
25226
15453
85225,660
25544
15271
304,279,3728
304,4059
304,459,7274
304,264,8982
304,17442
304,5936
41086
11798
4305
5448
88703
3987
39377
13560
29809
813,10868
54879
36125
65242
8987
14971
9167
617,6982,1174,43169,20025
11682
8741
3621
1047,38247
1047,1027,12800
30687
6307,1445
49780
6761
52033,11041
21389
20802
32079
14134
28634
12111
18057,388
9770,279
369,3892
369,5210
20236
43772
4330,4771
4330,3115
77777
1913,2352,579
17452
8430
24087,315
5043
13176
8071
7637
44913
6335
10534
17626
16070
27639
34908
4395
4455
70180
28883
6106
25175
15009
2487
384,61320
10165
24927
29395
5107,369
16914
17963
26623
11026
11897
4648,2872
4729
5674,323
11501
6807,3786
14189
4495
11236
23915
14400
29820,311
16812
8599
6485
10977
10758
42356
6170
11093
7926
3016,323
9539
4335
538
24512
48801,7095
12006
9478
22959
9515
7563
34546
3190
22685
12716,311
43636
31471,315
9046,315,279
13305
3830
13697
9405
17685
2766
13260
7720
10671
9221
1606,499,527
1606,584
47336
81188
23963
16283
23641
8945
3201,505,279
5766
10877
58828,13610,3958,17432
520,420
520,3544
47733
40531
13878
11977
30674
18046
3881
14132
10186
38100
7376,264
19021
323,3940
323,6020
323,7100
323,10057,364,82,423,3027,1963
459,54808
15055,315
37756
16662
4661,7995
13200
29149
1306,433
1306,20129
29115
41537
16584,311
42990
19426
26579,430
11112
3485,279
37606
264,1217
264,10195
264,1486
264,25589
264,11011
52320
9941
45383
25836
4435,1110
67197
28640
33305
14916,65256
21382
6383,21920
71343,22620
11450
9538
73842,1018
26224
18165,295
18636
17360,937
3314,6011
61661,1610,268
60851
23508
13581
19435
61134
91609
52952
6250,323
79534
12667,315,3314
8388
8375,34144
13960
16591
11284
79552
432,635,38505
30616
59250
62502,706,14333,1690,1667
30427
3962
17916
19895
31421
59612
21021
5377
4723,616
4892,12126
42981
8304
49669
19574
18125,220,19,13,15
18079
62913
30283
17472
34129
19475
19412
32498,569
8560,268,7674,9509
28796
42740
735,28787
30417,450,25330
5651,220,966
6457,364,82
54765
7957,426,1098,258
56723
28501
10471,364,82
6890
11344,10734
44804,8398
17681
60350,28163,77682,569
64774
41741
11166,64
16431
42691,857
41046
6063
24296
68362,7553
36174,315,5887
19620,9675
69168
51859
16645
25027
30227,969,261
19334,2940
469,634,4910
23591
81047
20742,267
45509
20344
18185
11650,13621
15922,7177
66093
6406,29783
1219,13787
8351
74362
16377,12542
26035
13740
48063
20352
47431
16576,8148
33909,569,1291
24783
28232
39386
15004,969
14659,261
2468,51547,364,82
12000
14937,82793
362,15817,266
25871
22454
11904
16192
220,4044
220,3076
220,21,13,22,3346
220,21,12,18
220,3487
220,4331
220,19,13,20
220,19,13,19
220,1806
220,1049,23
220,1049,11,931
220,17,13,24
220,17,13,22
220,17,13,16
220,2550,16
220,3753,24
220,972,23086
220,3965
220,5894
220,8874
220,16,13,24
220,16,11,2636
220,16,11,1041
220,15,13,20
1174,3734
1174,1524
1174,3196,389,279,5652
320,549,815
400,220,18
