279
264
323
315
311
364,82
374
430
304
433
439
449
459
4632
1202
369
5818
315,279
420
499
719
387
389
555
810
832
520
1109
539
706
922
813
505
527
1093
304,279
433,364,82
779
477
682
617
1455
1174,719
279,4632
3446
1695
374,264
1139
704
2288
889
709
5885
602
15526
23160
1120
422
912
311,387
1587
1790
1148
1524
649
701
872
690
892
1063
3958
2697
1633
1648
902
1888
904
449,264
279,5818
3021
1027
2324
1304
990
369,279
3403
1070
1193
568
3727
439,264
603
832,315
389,279
502
9698
2646
2555
656
814
28485
1555
574
264,5818
1664
1957
2294
1053
1866
1903
7690
315,1202
584
1690
2216
24601
433,374
7234
1587,308,956
20156
1077
279,1455
1268
1436
12631
5647
1518
1778
2731
1023
2523
10877
1274
1022
1475
1403
2085
6445
4400
430,364,82
2733
1093,264
2225
994
1694
1427
3752
430,433
1253
1288
369,264
30311
15718
1972
3596
3629
505,279
5178
1124
520,279
1317
832,315,279
1418
2103
1917
1606
5429
1101
374,308,956
7185
4851
2500
3169
364,265
1884
305,14447
21976
3821
4520
555,279
682,279
4264
1176
1523
279,1888
2478
636
2466
430,374
927
3117
54461
2643
264,1695
2753
2653
3823
5647,315
14269
1139,279
24162
20142
29722
24364
810,1109
3169,315
4856
1047
34292
1060
3070
304,420
4661
3769
4632,430
842
10307
4632,364,82
3970
5922
364,588
2873
704,315
6945
5196
4113
1935
856
1603
1051
5084
25999
14604
5115
1057
1306
1505
2362
922,279
9302
1521
1070,364,82
5818,430
420,374
304,1202
4131
2574
893
27387
1203
7366
10437
706,264
279,4632,364,82
1314
4375
11321
1990
279,3446
16451
1618
2539
617,1027
6710
315,813
2586
1139,264
5216
3686
2512
4731
1202,1866
733
757
41630
2133
1198,323
5097
1667
13967
311,1518
3361
656,308,956
3995
2211,308,956
311,1304
2567
1778,264
3339
311,3821
49336
4205
364,657
3249
3115
39542
7941
1174,902
420,5818
3041
439,433
3217
20303
279,5885
32180
3325
65765
961
1405
16924
6366
1742
3925
7170
3582
3245
3403,311
28799
1989
555,264
6980
3201
6835
1578
3871
1461
364,82,539
1364
374,459
264,2478
422,499
4623
5334
6453
60986
27803
1109,264
23387
8147
3278
6917
3131
25530
2653,311
17779
3917
4907
1550
35509
499,364,265
29392
279,1176
3604
7474
5606
1390
85875
32353
1486
34626,1802
2875
2035
6573
19775
264,2294
279,1648
5128
1455,315
1174,719,433
29447
8430
2212
420,4632
7154
505,264
4668
30571
5042
6832
279,1890
374,779
279,12047
3831
29972
45207
3663
38467
4208
9615
1781
4774
6209
1501
2019
264,2763
279,842
4832
1440
5900
17693
1243
37154
374,539
264,2697
2410
7359
4459
1205
304,902
5149
2744
9221
9090
2884
7878
837
41302
32719
2380
2533
68232
520,3325
449,459
1427,520
617,264
63203
72930
16630
41367
22520
1566
22169
2802
7060
9024
10269
6372
1579
4101
9257
311,617
4762
4207
279,4632,374
279,10877
5127
2911
30363
6848
568,364,82
439,422
31687
315,682
3411
11537
279,3169
4007
23649
6617
28899
5423
364,67
11364
279,4264
17069
11670
779,1790
2678
24364,23160
4395
4228
743
5387
10368
264,5818,430
2316
2237
4619
6392
10978
1174,889
430,499
3347
7829
279,5818,364,82
41765
30355
24670,308,956
11333
2835
279,3169,315
3177
57337
449,1202
2543
279,27803
29972,311
433,1587
369,1202
2736
12360
30994
264,3958
48929
12703
1174,1524
6996
264,1633
1555,279
7493
3293
649,387
315,279,1060
8196
4059
5439
11005
1063,315
2231
8994
43395
279,5818,374
43660
2447
33596
5448
42293
13696
6129
5333
6724
18427
4856,1109
3719
279,7234
23944
4461
22443
6382
13444
690,387
5992
374,832
1174,602
9622
38683
304,813
14865
5885,323
6435
12141
2539,315
1938
439,1664
311,656
430,433,364,82
2771
1288,387
2944
5678
2010
3515
2133,311
9439
63692,288
499,649
279,1917
17767
2163
32520
433,574
4871
24415
15910
7953
3026
50531
311,2567
36862
97374,31473
6689
1253,387
3428
12266
1550,308,956
1629
433,682
6847
43766
18754
539,1193
3485
1053,387
1070,374
4382
2011
9250
6155,2270
19781
6548
775
2204
17755
6485
279,5429
6062
37856
14470
409
22511
5039
1790,315
1855
63113,552
20333
2288,1790
11939
4477
10800
8104
374,810
7995
3776
264,2766
5076
10788
9349
1514
315,1884
1606,433
3674
5675
15150
4632,449
5694
6710,315
22785
439,459
364,82,1455
27461
24630
11335
4443
3060
50189
9977
2363
10571
364,82,912
1584
12084
2373
279,1314
1063,315,279
1877
16358
13970
1436,617
20025
9298
6463
2162
2144
555,1202
33352
709,311
2288,1690
420,832
3460,315
4367
34133,315
342,2076
3235
499,364,657
11201
706,1027
2751
2349
279,7690
15206
2362,64369
3727,279
6439
1766
12884
1148,364,82
430,527
1984
3828
2995,2177,287
4648
32855
315,279,4632
3062
18884
11782
4509,98981
1457
3974
264,27387
35861
24064
1455,315,279
15326
364,76
8369
31926
6555
13085
311,2019
311,636
14268
7000
89006
11622
889,527
51940
1180
902,374
279,2466
430,3727
2503
8625
6996,315
15526,323
5655
92080
9662,28397
7091
9364
5818,449
12835
11879
92032
7434
520,1202
11230
11376
13783
1456
26175
315,279,1888
7155
5016
279,63203
40742
28485,323
40661
6666
14188
16033
4546
904,315
323,1524
320,323
311,3041
32461
779,1690
82495
23347
15792
3185
5084,311
961,315
7491
11141
8964
433,706
92495
2403
1070,527
279,26792
430,690
32161
25629
66838
8903
3063
433,364,82,539
3318
26682
927,279
20247
3021,3446
990,315
279,4459
24162,315
27883,43516
15082
66998
4261
315,701
4545
2733,1093
17503
25706
24779
23160,430
14638
3361,6372
93038
5054
832,315,279,1455
315,872
374,2288
2919
1893
2731,1109
449,813
3821,481
16614
6237
7000,315
17524,3520,291
842,13992
6699
7701
12474
3794
5616
55349
439,1664,439
364,82,1120
5829
1520
5107
83733
38631
3619
21930
5788
18338
1847
9235
21976,323
28421
1650
264,6573
3436,374
420,374,264
22100
17676
2132
29565
12135
3284
10213
3412
813,1866
3938
41859
34185
6957
279,6445
10151
39074,37731
10535
13912
8149
16696
5916
279,4113
3892
31555
1274,889
315,3021
1253,539
3727,433
8208
2728
6964
2391
264,5647,315
1053,617
1120,439
3116
11161
5108,8838,44041
11625
449,1778
11471
60791
4059,1752
264,502
709,304
872,1866
3371
1202,5885
1139,459
4295
29447,82
14865,311
9417
834,3520
3508
16907
13051
5573
4401,892
9863
3682
11204
1376
4632,922
8659
41255
79252,7881
10748
8009
6305
389,1202
374,1120
6800
10368,304
40126
30675
4686
264,2763,315
279,1023
279,1566
7833
14738
297,25529
32487
71810
8334
4028
3309
7422
502,50672
17104
374,832,315
81613
602,364,76
9770
13548
5743
7076
459,7185
1174,5423
3463
24408
12945
8638
7079
3085
315,1057
433,1053
304,701
100194
3117,810
264,8147
11124
477,1524
832,315,1884
68480
4619,315
21507
1620
719,1101
12716
520,3115
439,433,374
37805
499,364,67
4339
4423
10284
7437
23781
374,2103
22706
84211
8954
8071
1524,422
19225
551,279
48776
1148,433
61437
1070,364,82,912
15234
51451
59155
29921
14951,22948
1450
14281
7373
14289
18813
13042
6276
3805
8545
16682
279,1957
11890
21933
27877
76699
315,1124
18118
4520,315
2523,90083
6612
4455
1524,810
2766,315
17936
51728
3130
6908
3815
1841
1174,7170
1174,719,433,364,82
364,82,1101
16036
9523
3254
49723
5737
11633
3152
5496
433,1051
1755
5108
2867
649,539
17139
311,733
1304,433
34147
70162
25146
682,1202
31532
19029
12437
10894
4315
279,2144,430
430,1587,308,956
274,5365
11594
4819
7041
2883
9539
527,308,956
264,2466
1174,1418
48295
9017
430,1903
430,1524
18330
15648
6671
8640
37018
36297
7216
5679
1587,539
5710
3345
459,23387
264,1972
264,1317
264,29722
889,374
1405,279
2373,315
31800,638
420,1060
279,3769
279,4851
49424
2978
315,1694
9099
7752
3224
2663
527,779
6261
7061,44624,269
39928
20705
8206
9562
4737
11961
4430
2324,323
568,706
4018
10980
61085
2288,1317
311,1893
279,6945
279,20142
430,602
4101,315
27873
11759
10030
14269,315
304,872
81291
7524
12302
9221,264
1606,315
30931
7636
24219
907
20789
2218
59915
4860
5435
1790,810
1093,420
617,1903
19369
1436,387
17051
264,3831
1174,3582
11157
7392
14733
315,1521
810,1093
16632
4814
61983
8173
304,279,4632
14799
4027
21057
1855,1023
20156,430
32905
17102
459,6596
220,1954
26225
4529
51181
51152,30133
9711
15262
10585
5536
706,308,956
369,420
369,682
48008
9193
3549
5606,889
64766
11112
38586
47521
1212
2875,315
274,11392
89993
70805
5933
304,1667
422,433,1051
602,617
706,912
20781
505,1202
3734
95027
8209
520,682
323,3686
264,2731
1198,439
38467,323
6118
14595
279,1486
57891
10434
3766
7634
757,61380
1906
16267
28201
4851,86,34002
2457
520,3131
922,439
14243
45518
17235
3987
71052
3363
27114
13865
323,1243
13989
264,1418
1511
1948
2800
10625,11559
26569
7234,323
8244
10283,315
433,3727
44578
304,1202,1866
7724
14134
10894,2048
3738
555,459
4920
499,617
39347
6562
1418,279
1148,374
7621
9523,311
20441
44229,11880
5825
74544
19661,418
10548,709
6807
14198
4879,311
51141
70275
54077
3156
33689
7941,323
21648
1920
2477
11510,315
11335,1093
1732
832,315,279,1888
19562
14035
10712
76939,315
29191
21349
5766
994,433
12544
8983,3385
1518,433
8147,323
76534
16053
433,1101
706,682,279
7564
24481,315
16039
55046
42954
8056
220,1049,17
499,2643
5895
279,2410,315
1023,1109
7344
1903,264
11767
422,499,364,265
9764
12491
905
68465
17395
7926
8051
26501
5845,311
1234,279
2073,34229,2915
814,527
279,1972
14348
1396
90271
1160,1752
1268,3958
24087
12731
19226
11705
95471
10107
39786
293
264,4856
264,6908
1174,1243
1403,4207
3463,10039,85,10979
279,1888,315
430,1288
35032
2555,315
1288,617
24601,555
67163
35507
3445
326,94623
11478,323
706,1063
11321,1093
28799,398
264,893
264,1695,892
10353
7061
3243
3090
12571,315
12756
430,574
1109,1202
5097,264
5410
2503,1555
33638
6288
93447
2343
21391
433,374,264
38384
17422
28799,323
5353
33288
1990,279
264,837
220,1954,4520
1198,477
7899
16696,311
28682
16757
40500
26455
41903
17813
20349
15123
8485
3721,511,1413
87847
8792
2626
13513
1648,430
44866
279,4632,706
5222
8668
31720
6227
5662
315,1403
14090
70946
8987
4498
33318
1436,617,1027
2911,364,82
99749
279,2316
3446,922
16451,315
7257
3585
13356
704,315,279
3885
1193,311
16239
10825
77754
20547,9994
3041,264
4689
26875
4330
10409,449
5043
28454
6319
23528
28128
459,25530
264,14470
21907
311,990
311,3371
814,364,265
279,3823
279,4553
1742,323
14356
5708
4822
11936
4040
433,1253
374,4400
7982
2523,323
5052
91826,1113
31715
264,25999
364,82,2103
889,364,82
584,364,265
22256
7057
279,85875
54168
30666
3493
10102
27946
5238
503,19950
8741
3980,6809
15150,292
2733,72800
21356
17436
41255,279
14385
279,13783
279,2800
47521,505
37390
6958
10209
81292
737,710
3621
1912
3117,346
11026
30824
10186
682,2288
31017
264,4376
690,4762
5304
653,12296,2910,287
279,2362
8275
14254
1364,364,82
4754
1536,95832
7554
15714
433,364,82,1101
5064
4632,430,374
6493
14599
35509,323
6445,374
1464
36517
3196,389
459,32180
264,3254
264,4101,315
264,7060
5333,364,82
94771
6944,311,387
7458
32100
7543
10007
5602
42093
2643,387
6420
1925
33291
85077
4726
96567
14560
94318
3345,311
33586
439,904
11503
323,14604
584,364,588
574,308,956
89116
311,1427,520
1521,2919
279,2523,85880
430,433,374
7556
14993
659,66666
3280
9191
912,832
9709
1427,520,279
23070
23492
27115
64235,17187
39223
409,308,8869
4029
24266
20753
50013
83691
7555
42241
55605,8393
95609
311,3619
311,1505,264
430,9024
11105
6857
5818,3427,388
3351
1253,30132
15785
12439
305,1885,1543
6307
3685
7690,532
36650
3752,364,82
527,2288
1174,902,374
13306
709,389
1935,389
4007,315
10886
6376
5429,323
1022,23019
4400,719
97374,2453,780
3544
1120,2500
16267,788
13560
8834
8571
7684,22018
35750
54302
31449
11049
28987
6822
264,6555
264,50189
2564,719
24670,308,956,387
11292
279,2237,315
16075
17354
5403
27498
72974
5274
4731,323
72815,1113
304,4799,315
78650
706,1903
30311,323
719,13967
1203,311
28478
264,3738
1174,3686
364,82,2555
5922,279
4321
348,44221
6656
24014
274,4414,655,876
513,69212
22899,5382
17743
3352
6691
2697,810,1109
3160
433,690
374,2646
706,2555
5138
2262
12324
86282
7263
16975
320,477
43120,398
6566
70960
20897
2533,279
78630
29280,519
15393
6928
6784
3854
6651,315
13942
2753,1109
2383,16271
304,279,1648
13280
19108
7872
9120,278
5578
1306,264
264,7366
264,2766,315
364,82,4400
449,3403
10307,279
35491,311
279,6964,315,701,10954
1109,4205
15038
19664
3131,1578
893,364,82
3389
54048
6848,323
3691
42508
2733,1093,264
3070,4632
9778
711,83,398
20968
20820
25879
293,29163,4589
323,13967
5922,9298
449,682,279
90765
29727
279,29407
279,5885,527
18455
7479
8761
25291
659,18251,360,16149
1071
3135
34145
36862,430
28254
3118
628,347,7113
10456
433,1053,387
374,1664
3139
10087
22609
8850
59696
2515
27860
4612
439,814
66879,598
3485,279
264,5743,315
8996
10034
98176
5246
4984
95087
1253,539,387
6677
1120,14733
304,279,6278
27136
4632,430,364,82
4465
11321,1093,264
4907,323
1523,311
38929
19662
14265
7200
13820
264,43660
264,7941
264,7878
1174,719,1101
690,12663
4251
1648,2288
19018
27744
311,2733
2574,430
279,2010
2128
55054
28809
3634
1554,773
44145
4062
18911
78780
39532
927,10826,8338
2646,5115
1790,2731
4647,461
33862,389
37856,279
2004,9799
433,374,308,956
433,364,82,1120
43325
15098
304,1077
369,279,1455,961
81697,5092
9417,315
79837
11075
3649
28495
1716
10223
13171
23556
4510,430
29859
6666,311
91419
459,2362
1198,719
10035
36765
8884
779,3958
15082,323
2873,1093
91270
3488
46684
6209,264
4460
13490
32465
12835,481
14392
86046
4851,323
706,1202
4960,25156
5015
4885
4519
18651
11411
10882
3752,4007
7353
26242
293,1474,6461
682,922
264,43766
1174,13967
1174,6463
364,657,387
26907
13987
4948
53464
68834
26610,88
8198
12309
1972,26928
586
12391
912,10712
7366,323
96016
3339,433
29048
374,2216
6206
28815
1589,395
16913
272,20603
44154
11493
439,15526
32692
86324
264,2678
264,11670
1174,2737
13946
66203,11986
311,7079
311,6420
3446,449
12056
12195
3575,449
1023,12631
18273
16180
1401
57311
18638,49819
44491
6381
6762
40761
46996
11102
14132
323,2744
264,48776
264,3682
1174,6832
1917,315
6575
449,912
1148,584
32726
2288,3629
279,3446,374
11156
16066
34734
9462
47658
55588
477,539
4400,810,1109
5296
46450
38559
7643,664,3817
83044
374,1101
21455
41545
602,574
1268,1790
47576
636,311
15687
28533
1567
42702
8040
70779
14095,88
6293
272,2032,287
3780
3703,1941,26172
8111
34185,315
264,15860,315
364,82,2216
5922,264
690,1505
8748,369
51587
653,75710,1285
2860
10390
42351
51157
13836,1752
15407
927,86,6478
3194
8762
64610
2324,1752
1120,1268
374,4661
90466
304,1063
11039
7359,315
16070
38643
6981
520,1888
10778
50863
2085,1694
10163
1781,315
66333
3009
7941,398
85367,1918
6367
38268
31018
13736
27402
6246
539,617
5426
2016,27960,1802
1427,1093
7347
433,364,82,2103
374,15526
1139,832
6625
1579,2978
2133,389
42160
3113
5216,323
12876
30675,264
78057,1570
18808
3770
5603,311
264,1912,315
7147,580
13353
23701
8776
311,656,449
279,6617
42071
2771,311
19419
13141
1794,655
5084,311,617
4264,26372
19307
938,1414
37169
1121
8175
7293
12691
9124
4379
6476
961,315,279
7111
10278,3093
503,1525
4106
813,5818
8779
21154
26192
23160,922
523,6091
53087
6437,5138
4920,279
6913
7064,2718
682,719
1306,2500
264,28799
1174,4869
449,872
20426
279,2835
279,41302
279,3347
279,1620
8396
1501,1712
4264,62712
11347,1799,483
9257,398
6721
5684
1825
315,2324,323
539,2288
539,3403
3221
1903,757
503,3233
374,8659
97799
13118
304,34781,315
11714
1218,4171,17157
23069
4245
11217
3388
11709
20587
4879,520
15055,311
923,709,311
1957,4632
34361,11559
264,17936
264,57337
1174,8994
20910
1701
21482,13184
42590,1438
99870
311,23075
311,2567,433
3872
420,5818,374
1070,364,82,4400
430,1304
12190
27065
16008
21845
34744,389
8530
389,8337
2011,387
1304,420
33095
4221
6996,75,5100
30774
96544
374,5042
57314
3823,7138
813,10877
44877
7982,709
342,10957
1695,34334
28771
34044
9045
61353,2718
4526,315
17604
2967,316,2630
14638,311
904,5818
5369,311
264,4382
264,961,315
264,9622
1053,617,1027
4024
36870
490,23903
420,3446
95868
279,20247
279,42293
23152
27656
21818
46789
47101
14110
4780
315,3070
6693
14918
3021,433
5675,304,279
21735,5248
1202,1888
374,3604
6348,75612
20207
602,1053
3041,499
9659
61802
7126
60277
16988
1893,264
2586,505
12967
20955,315
13444,323
9567
293,5818
439,3958
527,810
1198,902
24670,1094,51141
10160
5672
603,430
279,33638
3137
12265
13656
559,4361,67
24511
35710
68232,323
36033
97606
1486,315,1684
5178,555
6246,261
7318
927,4930
23900
3152,1355,5682,1639
1253,617
3428,16569
781,41059
3208,481
1120,922
26128
3709,285,535
304,2324
97356
24429,39026
11495
67739
1475,2766,439
26921
37067
88804
1377,2076
39575
35947
7446
36505
20303,18912
68399,4341
28859
51517
323,76939,315
264,4686
3436,374,264
5076,449
70205,950
1633,2697
490,19636
2288,3958
311,1057
279,1890,1648
279,43516
32654
22225
64828
7731,67966
594,9887
7079,433
5788,2819
93447,323
32015
16930
374,13967
68192
28093,93450
304,279,3663
304,904
28485,1752
733,311
4173,532
505,1694
1766,304
2768
1505,433
91518
31293
25281
13937
84563
13633
5216,315
74424
1797
9478
3190
79349
459,30311
4315,279
31155
36088
264,15648,389,701,3663
1917,4208,14799
10800,704,311,387
311,1522
311,4295
279,8196
279,11879
430,2216
88990
35826
2092,2159,89
38067
59155,315
3335
2231,389
58043
68111
23075,279
389,1202,1866
389,813
315,3995
14224
33433
304,279,4632,364,82
78462
6835,603
1523,23019
27292
2917,13610
16996
10824,315
1606,433,364,82
11621
264,12703
264,20333
449,1077
994,499,364,265
31691
311,757
15849
1070,374,264
279,5429,323
279,9024
279,5540
34268
8493
25551,85,3394
274,541,307
26610
8254
14324
274,1037
471,311
48883,788
57492
704,389
15538
296,85201
7491,3725
1903,433
3021,304
3411,369,264
4048
26128,648,27114
422,539
4376,279
2751,311
4846
15962
12631,1093
4632,56662
7216,704
8831
26161
13018
35013
31089
3752,4500
1529,1334,37482
439,422,433,1051
4205,719
3235,449
9395,1752
264,68480
264,2204
1198,422
364,2031,82
3686,2500
690,5387,499
41463
24848,1189
2373,315,279
2288,2697
14932
35454,21110
20070
56085,315
48384
18336
4509,2711
4994
832,3245
315,4208
856,2466,8834,342,10957,13306
30823,88
9698,527
45651
45882,7162
28648
5622
6980,323
304,279,842
602,364,76,539
4869
813,13783
20457
20268
12631,922
11321,810,1093
27555
384,899,1910
74477
6068
20156,922
44890
5710,857
11660
1510
41328
15692
87458
12136
10791
2107,261
21739
323,5255
323,6724
459,39542
2187
44445
264,11230
264,1317,892
264,3177
1174,10209
1174,719,602
364,82,5178
40164
29592,709
14739
41463,323
61810
12314
1070,364,82,2555
279,4459,3245
430,5030
357,38040
3637
31161
8638,1022
18570
1288,617,1027
11125
10205
56752
14975
19937,449
9466,519
5219
9698,1093
11031
13088,13767
47747,307
3974,304
20806
8294
4363
6348,819
25408
1077,2324
2523,449
3541,16357
21973
1826,1964
6273
4774,2915
13750
4245,311
294,675,942
4279
32353,323
2339
649,1193
9660
4121
13865,311
527,2225
8475
51141,364,82
922,279,4632
922,4400
264,35491,311
264,6485
220,966
1174,11201
364,82,12474
3436,477
24219,323
24724
872,5885
279,1060,364,82,1888
279,2694,315,682,24087
279,5429,364,82
279,7690,364,82
430,1253
56185
61300,311
27545,323
19219,316,27456
121486
50738
65880
72851
31402,315,4027
7580,323
2410,323
40646
75033,315
67265
477,1403
4400,2875,315
41902
2643,617,1027
597,2234,7019
374,1268
374,2225
304,420,4632
14247
5448,323
10054
10087,569
2523,90083,1109
369,1884
41687
8689
3217,430
17078
9250,24601
2391,279
1587,308,956,2216
6453,23160
53588,1195
38769
21497
11920,449
38934
13326
293,27403,1523,304
10671
459,4661
3805,315
30084
78831
264,6617
264,6800
1174,719,568
36218
32839
892,704
54904,388
420,374,308,956
279,47880
279,4632,1587
1296
1207,3078,535
60125
6604
30393
5042,1606
23490
9408
21004
38751
1193,3245
315,3249
315,3293
4400,304
912,3392,315
1828,311
502,4632
5818,3596
24151
3157
41202
15262,433
30244
54166
18872
597,46295
9541
433,5334
53990,31882,37864
304,1690
22706,315
24429,76
42902
20129
23757
7077
20415,21168
282,481
62258
22277
34416
294,664
20156,449
71240
11323,24045
24770
11447
802,77,820
3276,86,606,7795,261
2403,279
9610
264,6573,6445
264,24729
264,2763,810
264,2478,49336
1198,539
1174,7344
1174,3339,433
1174,3060
7061,3529,66576
10160,709
12697
17380,20073
70576,750
73978
279,3460,315
28335,311
42323,13610
65623
51181,304
1207,33897
8330,85051
10683
58052
10264
17631,389
49892
62540
3820,709
24601,527
1370,481
57948
704,315,813
13520
47584
389,2835
40634
539,832
19093
3754
810,3629
26872
33073,2826
1317,1306
2697,810,1109,264
374,5128
2217
36759,488
7701,30311
1618,374
12491,433
72221
27983
505,832
1176,4632
3521,80455,23747
59696,439
384,739
85884,291
67146
26314
14892,449
5727
25917
52147
4857
10868
13162
72547
3958,4632
439,3117,439
17782
459,6596,323
264,4321,311,6227
264,11537
1174,719,433,1101
320,719
31331,451,364,82
3508,477,539
584,682
8369,323
15525
23701,88
20405
420,892
279,8244
279,1989,315
3371,499
259,14350
10446,1771
2103,387
12365
14931
6573,24601
40075
19607
73019
82928,5797,797,1414
9527
71075
57303
832,649
72770
17303
14951,22948,323
3727,709,369
3021,7493
374,4856
5764
10098,3210
342,683
6835,433
1344,4575,307
16850
27501,315,279
42835
5623
81952
29827
14713
9200
9977,5818
15320
26359
12410
33511
11093,449
33625
4442
28930,661,24162
16736
555,1648
22890
76367
19065
2466,30360
68769
10099
682,1711
30200
264,15541,315
264,5818,649,387
1174,45955,323
27824,2915
7095
837,311
6818
29575
311,743
311,656,433
10508
1070,364,82,539
279,12047,5818
43787
27294
5097,499
53312
71246
47578,323
28004
743,304
23061
1156,1751
5605
9462,969,7173,1039
64245
10083,79
96655
21300
2848,2194
11335,704
25567
477,4205
44081
58971,19736
893,26405
7080,349
15812
1120,3403
56153
503
374,7941
374,2753
68089,311
5900,389
9168
1448,4849
46337
11722
1176,7394
4632,2978
40317
3721,598
18243
1608,27591,8309,12989
17226
409,11091,1764
294,23156
26654
51912
57133
38119
520,279,20900,315
323,1293
459,10535
459,91826,1113
459,4879,311
1097,2205
1097
20167
8278
264,925,315
220,508,1667
4375,389
4339,323
15508
11376,315
11996
26255
7389
10814,2192
25466,3502,37840,1247
3309,449
311,4510,430
21939
279,14993
279,1176,892
12460,96464
49304,1534
26549
4179,588
8638,704
3674,31710
63667
2132,10888
8198,74531
3130,369
20700
41802
68981
66278
10461
5128,1790
90300
315,1148,364,82
49635
12818
5818,430,364,82
3300,1203
3021,304,279
83378
6522
12835,9994,2922,3023
55229
70733
70390
304,3380,391,481
422,568
26253
36759,13610
706,2697
13824,2465
13481
2539,20605,88
369,682,1202
4668,30425
13123
26161,22374
6089
12789,449
6155,2270,323
1650,279
36460
555,55046
36679,818
25879,14799
23146
6264,19995
1651,278
36725
1417,27970
527,5042
10980,505
682,2380
22281
264,17936,5818
1174,10035
1174,8104
1174,842,13992
12047,315,682
15716
4785,88
54344
311,1456
311,1501,603
311,1464
311,17113
8983,3385,323
279,7363,64110,315
279,15150
279,3224,30824
430,5039
430,433,3727
59915,488
28779
6917,25981
779,1790,439
1364,374
44114
35840
32367
13061
704,1070
477,2500
8736
1193,832
389,872,1866
18435
8554
14614
1455,315,682
810,14604
6593
3727,369
9020,311
32627
7802,301
89238
433,2103
433,1436,617,1027
374,20781
374,2744
17108
9358
304,279,2316
304,2778,315
48916,894
706,1903,264
706,2884
53997
8101
20547
1695,15718
2133,369
3041,433
36744
21420
11321,439,422
12580
4441
32447
74995
19660,315
73836
2884,430
25999,922,279
656,539
24944,264
45813
15612
76504,455
11705,264
30485
4219
13171,315
649,3919
84744
1603,433
323,4443
459,26861
2744,41367
1101,8741,311,387
1957,24630,323
264,8369
264,61300,311
264,17676
264,7926
364,82,2744
364,719
499,364,657,387
449,1193
449,10283,315
1148,433,374
85459,12682
42329
79841,555
7119
279,3575,449
279,1514
279,57883,364,82,6469
33689,398
40199
9998
2555,3361
61405
15310
71849
743,315
10954,304,4156,315
74788
8198,17422
5817,48711
82495,323
20282
9257,304
436,4214,352
32854,2785
10932
7168,2968
24559
39673,76,19271
25429
912,5030
7154,1475
5818,2085
5818,4619,315
296,8788
38049,7210
5992,323
16280
28812
304,1885,4114
34678,416,2915
3927
304,2144
7214
76551,292
12966
3823,14269
49737,32180
305,1885,1543,364,82
6166
505,904
11542
1344,14612
3521,2053
3721,8099,279
1377,21169
2884,304
8994,1202
17944
16622
99932
8415
21327,315
3776,9976,16237
6160,25847
1203,520
46968
323,38631
323,38683
459,2362,64369
7179,683
79813
264,28390
264,44229,11880
264,1317,1648
264,11879
264,1695,1648
264,6366,4632
2652,433,364,82
220,19,2099
1174,11201,3686
1174,902,527
364,602
65655
584,527
5627,315
2571
279,12047,3169,315
279,4371,783,9581
279,5788
279,5652
279,25534
10975,264
24162,315,3021
4737,279
4179,1055,79252,7881
21881
8336
1063,1695
35883
8448
5084,311,387
15389
39074,37731,54461
10083,3095
50908
10675
1373,856,23726
8813
36862,311,387
7234,1074
7234,20349
10887
281,710,783
502,50672,3363
5933,4633
5144
1455,4461
45882
1903,1461
18069
10456,279
75040,323
39682,291,449
3177,70395
7577
45949,324
30104
433,4509,1438,311
433,2011,387
31398
62945
13085,430
422,584
4706
35309
12239
13481,3751,912,13,220,16
24931
88079
17162
12637
8430,430
93111
3117,66,950
13354
32838
665,11750
9670
21958
27830
27075,729
294,618,4849
42642
49480
11501
1589,5389
8146
12146
93308
8824,311
2967,9810,276
75491
4546,704
11745,288
61020
61301
65516,839
90825
30782
8163
527,3629
459,10255
64383
39542,13444
4661,439
5225
26613
24577
264,1732
264,50531
220,806
1174,902,1101
1174,13353
653,10759,25745
42644,686,2915
4560,311,1304
6424
420,4632,364,82
420,3958
279,4264,62712
279,72974,315
279,77041
279,1984
279,1566,21735
279,17240,323
279,3823,9090
279,3116,56994
279,1176,4632
279,96923
279,523,77725
8818
61299
13639
259,22688
36396
42786
12207
743,5352
659,65906
56617
99685,942
21425
3495
44040
1972,2324
23062,279
24064,20156
864,46501,788
5737,264
60220
47854
2343,10830
3347,12333
43661,398
85378
1023,3293
315,279,1890
10535,323
539,1193,311
539,6847
89006,503,19950
1903,389
40666
15714,1077
5897
18012
26128,395
1202,5885,323
11640,798
24898
14321
18340,2695,6793,287
86930,398
34477
27607
29036
68661
6558
4632,72997
75444
3117,2288,1790
33294
9526
10534
24481,315,279
2995,2177,287,323
23387,398
51944
63189
1587,308,956,5115
34973
19207
27292,439
7690,89006
15455
99958
12458
7863,311
1206,70305
83858
41803,88
15691
2211,308,956,5115
14198,13465
3703,894
58522
23655
96022
459,17235
459,6822
39542,4447
13658
49672
264,1633,1695
264,15234
264,55054
264,4832,3070,4632
264,2865,315
220,717,4771,6418
1174,3156
1174,3734
364,82,12765
449,11510,315
1148,45737
7621,323
82320
574,810
1633,3428
99930
837,3446
2288,1695
279,95735,28214
279,60166,380
279,11204
279,32520,527
279,1162
2307
1778,439
12265,304
3446,430,364,82
34240
9518
45858
22963
7437,279
76482
4694
8125
1972,3278,617,37033
64188
84814,315
71867
21935,1022
3131,304
315,279,3446
7086
2643,1120,387
30338
1253,617,1027
5030,315
433,364,82,5042
433,364,82,2216
374,28799,323
374,7995
19905
304,279,1314,2035
602,1093
706,2646,1027
305,59422
1695,20142
15526,17685
369,2225
41859,323
5155,1113,389
4632,922,7982,709
15550,3357
8223,2531,3640,30305,82
7380
45578
834,44750,287
36192
73962
14861
22415
21633
1977
48345
6105
904,1648
34426
323,11112
459,5578
8479
264,9622,439
264,3958,5818
220,1272
3436,719
499,1755
7061,323
1053,1397
31331,1030
19001
98268,3258,4224,9100
289,408,7992
12724,939
38400,704
9621
9987
80654
2288,17813
311,1445,364,82
311,13383,430
814,1051,304
279,12047,4632
279,259,2249,66981
279,1888,315,1124
430,5900
24365
10415,750
18167
4007,304
9090,315,279
11951
1063,9698
779,3117
91594,315
50738,323
6211
80987
6924
58831
1071,430
6220,6929
3789
48876,1499,598,6780
29551,4047
3560,315
938,71,1195,364,82
38268,311
31256
32349
2343,818
58724
73289
65281
2362,893
11018,54347
1457,323,1243
539,3325
6463,264
2536,9684
58971,19736,16370,273,1729
63266
810,35711
810,29722
43394
2606,261
89006,4647,461
46450,950
20628
3727,603
1317,389
18228,304
6975
326,847
37350
374,264,10788
9358,54429
2038
304,5369,311
5986,15204,8946
10054,2442
1268,569,364,82
70618
10477
56375
71766,4047
1695,5647
636,420,3245,927,449
67387
2523,85880,323
11999
8381
282,434,20468
25283
2781,292
44372,1570
5696
1541,43757
656,12437,311
39671
272,2142,88
13126
649,1935
7951,81
35519,36255,51214
293,72505
1027,1070
3958,4477
520,1475,2543
323,2678
459,55349
459,10973
2744,30311
2759,315
264,16682
264,1765,62221,315
264,57169,9090,323
264,5818,2539,315
264,86337,950
220,777,339,34457
1174,5044
1174,719,539
12599
20910,3249
2949,279
1633,3062,5042,1606
71113,12821,4504
96109,555,279
33519
311,2019,430
311,11161,389
270,23063
420,17693
2574,709
279,4264,18688
279,10585
279,45990
279,14880
279,17779,323
430,374,3604,15526
8122,4539,291
3465
53728
7946
26399
27545
38246
6917,45688
10775
35454
64702
23874
559,31170,99421
12737,88
1877,16451
5817,6043,3018
73135
52944
19352
64042
49878,287
1972,294,41096
15473,3265
5115,3629
2447,304,902
14618
18718
28135
69944
832,1060
832,315,279,12047,9698
315,1202,81438
912,88,346
38913
502,50672,58506,3158
1205,16117
4415
12232,85
9698,922
296,2757,304
45876,288
3428,65,654
9229
1317,8208
2753,922
83044,364,82
1120,539
16942,1773,81304,398
374,43660
374,308,956,5115
374,15526,323
374,35509
34147,323
28160
1280,5493
422,1193,1606
10054,4325
602,1097
11937
1618,1174,719
305,37069,1122
2294,20142,13824,5424,433
4124,315
45728
1176,7394,7690
9250,1005,315
64664
57924,279
51536
1587,779
656,1664
18406,398
51621
4648,311,1554,2689,59064
48364,42914
34558
75826
12896
52508,5674
3363,555,279,9581
2911,364,82,16924
10388
12716,704
6883,315
32732,1849
712,1601,788
26518,701,2010,389,279
44332
5938,449
84866
802,47957
86997
323,4062
323,5054
323,1080,2695,2604
459,613,2298,4633
264,19781
264,5410
264,14363
264,60166,380,1174,719
264,6857,315
264,81389,26501
264,3428,16569
264,16267,311,3821
220,23
220,1691,267,9478
220,4468,15,82
1174,44844
364,320,220,2550,24
701,40122,364,82
499,364,588,1027
449,1063,49336,323
449,48948,1174,20616,323
449,264,326,94623,5429
3508,433,6944,311,387
1648,67,15876
1633,3325
1062,5485,398
84663,3021
12153,311
311,82,936
2288,100194,323
311,12141
311,48335,709
311,3139
34596
279,7555,323
279,653,1285,7712,287,1174,28093,911,9373
279,955,315
279,18178,9417,315
279,32738,449,6917,2410
279,20142,527
430,2646,5115
430,568,364,82,32126
7937,2915
42795
14841
18417
40256,11559
1063,19369,14269
2875,389
13788,274,5169
17189
35710,603
89716
42111
22033,35789
961,1405,4400
23744,3394
477,5573
477,4600
10708
1193,1198,25534,3997,5818
832,810,892
315,8762
315,3388
39788
40943
10102,555,5219
65931
810,22568
24154,301
1253,539,617
5634,16142
3727,420
79422
11767,311
55890
597,12,777
16267,323
1202,837,4791,26928,5885
1202,1486
1202,29414
433,1253,387
433,8603,499
4360
374,6366
80865
7274,449
7537
304,9383,3486
31383,458
304,34781,315,682
304,1202,2316
602,3463
1268,27461,38223,1637,287,682
16044
1579,17073
28948
1520,603
16127
4376,459,6596
15803
1695,1957
342,647
1176,15144
27176
4632,430,610,954,3347,279
6866
3734,430
18254
96049
51242
1523,555
35130,315
1541
1587,2697
1550,814
27075,729,1122
6773
39471,367
4131,709
12401,311
272,20603,3880,2924
11670,24364,23160
65765,13890,315
8993
523,6091,7091
27114,364,82
31544
63123
6563,344,988
62379
11984
520,33615,21448,449
439,1664,439,832
18046,430
527,1903
527,1120
904,26792
3235,279,1648
682,2288,11537
3805,35121
75500
6299
32677,1385,323
264,9581,315
264,23347
264,7366,323
264,17813
264,2763,59774,1109
264,5496
1595,24564,430
2652,539
1174,653,12296,2910,287,22520,82,323
1174,8530
1174,1095,7636,6056,704
1174,84211
1174,26875,6747,587
1174,53150,323
449,28485
1664,95388
76656
584,636
3090,25909
1390,311,387
4669
5320,388
653,2067,16113
5916,499
311,1684,264,5818
311,5766,1694,15324,439
6023
420,30571,2697,55682,273,315
2574,430,1903
279,12047,1198,323
279,3321
279,1156,73575,11734
279,3135,527
279,3575,374
279,2410,315,3278
279,71075,315
279,18728,7605,315
279,9567
279,32236
279,68769
430,7170
1109,264,5818
24020
18036,27457,7197
10437,1174,87163,5849,13141,315
2064,27040
47305,24639
73779
4179,21778
4822,449
2559,5352
18094
21930,6980,220,17
4538,315,279,42447
274,4414,655,876,364,82,1888,12631
779,34119
779,75082
779,29722,398,449,603
4382,11890
30571,21930,6296,13,21930,4632
85367,1291
436,22485
4883
312,2201
87552,311
25649
5825,279
84072
9546,315
961,1405,2555
26175,439
44968
85531
832,315,279,1888,12631
389,1370,449
315,1595,1095,364,82
912,5030,1268
82802
7138,323
856,2294,17069
17767,13,54811
23413,1934
3339,110929,385,364,82,1989
326,5100
3428,389,4907
514,5389,291
38350
17551
1120,439,842,13992,323
80698
2683,2884
433,364,82,9024
374,6327
374,49723
374,11510,315
374,14134
374,264,9302,4322
22571,10894,2048
47644
304,279,20247
304,1205,315
26038,315
12084,364,82
4376,70395
2294,12631,922
25165
71766,1918
342,2159,894
15526,16451
15526,323,31687
2539,66746
505,1023,9698
7795,88
14035,1202
16024
11307,901
18884,315
3073
36375
17277
16470
30311,27744,389,279
66684
6931
8063,315
71249
2486,2727
28799,2136
41003
35509,1109
3752,4500,323
41255,264
23099
555,1202,296,9242
22890,311
2967,316,2630,364,82
90926,311
24743,389
48131
73394
1606,315,279,1648
60633,551,384,14895,6296,13,3285
3958,8334
520,1202,31089,33028
9855
439,433,10800,704
439,4960,25156,323
37782,648
323,19077,819
459,27224,311
459,9417,315
459,26861,9302,5647
4661,87516,6710,315
94905,5670
63698,2915
83691,279
264,779,19434,1595,23160
264,3828,304
264,70240,307
264,3048,315
264,4686,12571,315
264,1716,364,82
1595,38586
1595,18699
1198,2085
1174,41903
1174,33304,602,2019
1174,7314,449
364,336
701,28899
1060,1251,369
5439,555
990,315,279,7690
10160,36341,388
690,4762,387
1418,28799,398,6575,704
584,3629,57382,304
98044
19579
31175,5849
16907,62385,315
1403,527
28497
4560,311,617
2288,2875,315
3871,304
311,8369
311,2586,704
420,38817,3021,3446
1070,527,308,956
279,15338,4791,3522,2733
279,48929,62921,315
279,3560,1077,28639
279,13336
279,2362,527,6223,88,311
279,77004,311,1304
279,14095,13744,323
279,1888,315,1077,89,540,364,82
279,29859,2136,315,3823,2324
279,79492,503,6312,315
279,5845,311,1781
430,690,617,499
430,32464,59380,315,813
430,2362,11537,8430
430,602,1390
20320
30116
3917,5030
1207,34713
2103,16381
62566
10886,315
43653
993,7725,449
10578,26455
13836,19993,287
39511
77821
7941,12,1604,377
36049
51050
11961,304
17738
35313,56304
38839
2873,311,387
1156,44661
312,14506,287
2579,26161
25501
68232,5885,323
2231,499
2231,3871
21004,88
82139
2477,709,304
11277
25012
29960,307
10891,575
8104,33596
25616,7005,1247
71160
832,6596,6685
86596
7600,8719
20233,88
14188,374
80573
1455,409,1512,3210,60986,63113,552
810,32100
810,1109,3596
3194,433
81695
11204,69871
326,25045
73724
2753,7185,323
11141,603
31791,126201
10278,1088
597,5757
1120,439,1790,11478,439
503,6312,499
7802,276
73368,2192,364,82
1202,16614,15718
1202,11295,57369,9889,323
433,1253,539,387
374,22225
374,4400,2875,315
374,8659,264
31655
14948,555
33435
304,2194,323
304,420,48295,61437,5818
304,279,3118
304,29488,315,3021
304,961
1268,1633,3958
23127
305,14447,15660,2085
3412,709
18137,4978
2653,2902,15154
3790
67339
1099,3168,411,82
2294,6807
1695,2574,3621,311
30240
505,10307
9770,20156
5043,323
45586,24162
3999,265
13112
39019
1524,2731,1109
32008
30607,3811
6286
8214,2740
220,6427
50953
73481
20057
26006
35453,533,505,279
294,618,4849,374
58964
87371,398
59674
5138,11559
74047
46141,343
45188
57327
4787
60961
8518,2191
5108,1555
23160,3529,31473
28799,5216
87785
26085
1181,645,9998,63193
3752,38210
11774
2211,308,956,7079,433
555,10826,32294,1941
555,1457,72729,481,93144,19025,315
10077,53613
7263,311
7720,505
1694,40742,296,1727,51214
3958,7752
439,45207,439
439,1790,315
439,32719,27367,323
439,264,11944,4443,34133
1989,3725
904,315,279,5885
9392
323,37154,59938,520,279
323,71052,51940
459,96718,13883,5647,315
19077,65923
682,21337
682,2212
3805,1752
1306,264,2478
3611,481
1957,29447,82
3731,324,12489
922,872,6439
922,10087,374
264,13836,323
264,16614
264,14951,22948
264,5897,54461
264,342,1386,675,323
264,2294,5818
264,1695,56662,1288
264,30355,23160,477
264,3044,1193
264,538,449
264,43560,273,1174,7170
264,54302,1841,337,3436,704
264,9120,278
10103,7185
10103,19094,33464
10103,3196,389
220,3101,15
220,914
611,323
1174,49227,323
1174,3665,701,68162,323
1174,42954,48929
1174,19301,813,13073,449
69779
701,48451,477,4205
499,1440
14071
5922,34168
449,10264
289,531,76,620,261,364,82
584,1440,433
9302,38467
96241
66627
81314
85459,12682,4208
4560,311,387
13650
311,6261
311,1935,5127
311,4662,603,389
311,2019,922,1268
54904,499
279,40320,388,323
279,70204,1957,29447,15150
279,27545,267,323
279,25655,74633,43479,505,279
279,5429,364,82,44251,315
279,7091,389
279,95735,264
279,64885,3492,369
279,5818,364,82,43656,315
279,1455,24632,323
279,1584,1990
279,2237,315,11478,323
279,11767
279,6800,74996,477
279,71766,13744,6392,704,315
279,2768
279,7126
279,21958,2873,13513
279,76745,315
279,99749,315
279,1888,78739,6945
279,33419,1481,399,11559,3958,5818
430,13533
77085
259,5515
5899
104359,57902
3137,88
1935,389,279
77045
57890
23712
25139,303,388,311
13465,1543
17948
13619
41398,704,311
69864
7833,505,279
65792
42415,449
21930,54461,1093
779,61437
779,50531
4848
17676,23160
27024
436,8503,342,437,2785
64663,616
5718
1314,100051
1314,520,2162
38024,8148
59624
77300
28965
5133,1990
2216,7155,2766
52694
7477,323
436,31323,9314,15564
934,3864
63610
66085
42826,315
80632,3950,311
7168
45877
54799,398
20428,5092,398
1343,484,575
29790
4261,20156
1274,889,44145,527
92755
281,1302
8893,323
1853,37774
11939,1174,28697
47869
961,16924
961,48345
67265,315
2748
36692
54508
90838,3210
2362,2902,266
2362,9698
1022,15502,266
315,1057,7446,220,3385,323
315,32873,11478
315,28485,1174,2807,588,323
4400,3361
912,38467
912,49336
912,3392,315,28899
308,3251,52541,364,82
10068
18273,82
9698,602,364,588,1047
98178,1543
27698
18266,4238,14929
27946,398
14403
2643,539,617
296,875,503,10322
296,76384
19262,391,2635
2472
3727,279,26792,2733,1093
2697,1957
1093,757
1093,1690
18250
79018,5196
32571
1566,1060,364,82
17551,15825
597,67824
597,82481,11957,8148
8774
16909,1739,1543,323
16909,1739,1543,364,82
433,5992,1695
433,364,82,24729,3403
1558,77972
1558,71070,1113
1139,264,12136,54461
1672,2084,2915
81336,9491,1113
85225,1113
10383
304,279,13987
304,279,6206,315
304,14392
35706
422,499,690
19240,531
1268,569,323
1268,594,9887,653,309,985
813,7555
813,3828,80413
1579,25171
11591,1195
21730
3515,1790
37875
59123,258,5382
1695,287
2133,520
7231,304
46692
80320
15526,1427,520
15526,1174,95609,323,7366
2539,315,279,3169,315
2539,6596
505,279,4477,323
91223,1919
31087
5457,499
369,279,2800,315
369,3131
369,2937
19837
25675
3117,3833,398
3117,11493
18884,449
17011
29241
15740
16168,47168,1198,477
11751,4979
32180,87790,315
24084
64235,447,4501
658,19049,13113,3258
384,91794,41926,939
50777
20722
7172
13859,266,1534
90057
409,63371,8545
45293
24521
39300,11559
6453,28485
15455,311
17944,645
24359
57100,8083
63082
16898,1439
9616
20303,16337
4131,13989
19424
272,1169,285,16968
16553
2349,1418,9861,837,311
2349,304
523,2642,287
8415,9976,1474,1559
64114
3782,437
555,902,892
555,10800
555,9070
17231
37772
38430
293,7414
86166,323
1990,279,4538,323
2731,5885
1603,34227,34807,1523,389
18534
62618,28163,364,82
12743
293,1604
264,40095
520,1202,41760,34946
17501,499
16038
439,499,2643
439,602,574
439,7878,77981,439
439,2744
28904
527,1633
527,2225,9250
20414
323,13967,4384
323,9090,3235,449
323,11478
323,2349,10307,1778,264
323,4325
459,13970,9417,430
459,11639,323
459,23387,51728
459,76901
459,4039,266,8535
1957,11733,9497
15718,374,19077,819
671,398
23838
264,3492
264,68988,16,4920,279,4731
264,1633,30311
264,29948,5818
264,16579,63692,288
264,15206,13946,449
264,61405
264,2160,888,3446
264,13893,7185,4623
264,5818,4619,315
264,6908,28235,315
264,305,1944,304
264,2204,3169,315
264,17693,3823,4633,10255,889
264,293,29163,4589
10103,29006
10103,220,24,220,16,14,17,5672
1595,30056,21110,19885,315
220,4468,20
1198,439,422
1174,889,23528,810
1174,5636
883,3727
320,70576,750,883,2523,85880,14269
364,82,11013
364,82,5216,374
364,82,88122,5814
364,1160,6445
701,38207,527
499,690,2646,10894
499,636,1203,311
4375,779,1664
74284,466
449,54515
449,96238,6848,922,3278
449,4113,488
70205,950,488
1148,2697
19001,388
1664,65319
1664,6689
16682,78
1648,430,364,82
574,10171,311,617
574,810,4461
8369,1174,42292
11689
11981,70,10981
2145,3913,750
1633,15526,22380,323
1633,2204,505,1057,1866
1633,7419,315,25706,18427
11457,560
709,369,682
41480,3988
653,3833,92299
653,7792,481,1174,653,88657,1174,9662,28397
34707
66637,442,3876
1403,11767
1403,20820
2543,389,1690,1274
52329
38586,18007
34553
259,6285
5542
2288,2697,892
16630,369,264,7474,315
39674,74,3675
311,6604
311,2503,1203,323,4774
311,13270,311
311,48883,93392,1148
311,13520,323
311,6420,9564,499
311,733,2212
311,3041,433
311,6138,433
311,8417,430
311,387,2555,315
31800,638,57943,315
420,4632,706
420,23387,6651,315,3021
814,1253,387
279,7061,44624,269,315
279,20278,433
279,3917,5030,374
279,23152,12934,1962,1303,72930,315
279,30293,5986,2442,76585,3276,85971
279,4371,783,9581,4375
279,16448,2035
279,11494,7561,2442,266,4907
279,65271,323
279,1455,3821,481,4632
279,1455,60873,4851
279,1455,4113,18884,4632
279,19262,391,2635,288,1603,1202
279,326,94623
279,40132,11734
279,15400
279,23492,315
279,4632,9959,3432
279,17422
279,11639,315,279
279,3649
279,4648,315,659
279,1589,5389,315
279,15676,25646
279,523,69628,2933
279,5873,315
279,4320,374
430,3460,315
430,24923,279
430,6276,1461
12707,323
91235,1291,364,82
3137,311
23944,6445
11005,1053,3596,990,304
1935,2512
64906,69172
43581,279
16587,31278
33828
40199,499
37779
7833,704,315
1118,743,33834
993,1220
38202
66836
2555,9024
1063,315,1202
27883,30592,2473
779,49139,30571
21423,29200
2678,84003
2678,6424,23023
1776,34867
1501,5594,7153,398,41367
1877,323,27016,689
25760
659,58098,1094
25661,28113
5817,261,915
7731,404,292
35589,65556
62058,3359,555
59001
56949,1285
10773,5817,48711
2160,6427
53291
312,14655
9002
8903,5039
1972,14604,2626
5115,5042
8474
87281
4509,4769,323
4872
32644
864,541,2692
93222
1772,2269,26768,380
3564
10532,92480
4443,15798
1274,617,5675
46679
22743,3130
927,4930,323
16335
704,315,701,10954
477,92032
12462
832,50858
832,1436
389,28485
32878,8363
2362,35789
3629,29859,398,15910
1022,12,631,1303
315,25065
315,279,55867
315,81291,1148
11499
539,7941,323
10411
912,18884,3446
912,32353
16370
502,36208
502,54461
502,20343,304
2646,38268,311
2646,4363
2646,4131,3345,311
52589
1790,4460
9698,430,6530,1555,279
1455,24364,63113,552
1455,14247,323
1455,2523,3070,21057,315
810,31720
810,59928,306,6305
810,45350
810,43010,5429
810,34966
296,541,18007
70351
4059,477,28485
89006,1167,3864,276
296,581
31768,1105,527
65257,72
9427,16339,1037
13160
3021,5609,311
1317,1603
2697,11551,68256,439
17649
1093,5439
1093,1694,16075,304
2324,1093,420
2753,15526
16053,3769
326,640,648
23628
9511
41638,64452,4647,461
23672
90744,764
1202,12084
433,5829
433,8625,76389,37036
433,38643
433,364,82,29392
13218
374,21939,709
374,539,18073,1664
374,308,956,7154,439,15526
374,23677,813,436,5,67,1274
374,6847,439,3958,520
1139,279,5429
304,279,11936,15025,1664
304,279,4059
304,2875
304,8137,315
49967
63689,32855
28899,323,9525,645,279
422,499,3596
422,499,527
422,499,364,265,709,369
422,14738
602,364,76,2771
305,32932,531
2162,7636
813,6206,304,32859
36759,13610,1174,58135,13610,13989
4851,477,15692,315
38968
706,2744,1027
305,4129
305,2194,441,364,82
8810
86778,69871
19407
24415,28362,24685
82746
6761,65,11252
9168,315
8895
30305,88
12914
40884,709
369,27294
369,15042,27859,439
369,3824,263,3554,414,818,477
369,682,279
6558,315
1913,9211
38012
11401,264
56506,323
32180,23160,1773,31473,922
3539
14604,1205
14604,4851
658,19195
41630,1174,2324,1752
24074,1074
15107,304
58737
5679,28931
1587,308,956,656
1550,24045,2191
1550,602
21976,1174,220,966,6622,315
6319,311,5266,892
44870
74777,291
294,13184
14189
6155,2270,11506,2053,430
6155,2270,1174,38531,354,55786
19225,57487,2324
24779,58686,539
2389,8719
390,276
29722,13970,24162
1080,98006
28799,6848,323
41011
87847,1203,91612
3091,727
1181,11828
3752,4007,374
49499
14068,51629
6730,857,6985
2211,308,956,17629
555,279,3663
66801,315
1437,355,447,24639
15061
16385
2225,35509,323
6680,990
25879,23055
2466,50481
2731,883,1109,1455,12631
17623,311
32719,34558,323
62618,273,1729
3958,5216,323
39577
1203,304,1376
25629,36505,315
3313,5357
520,4851
439,1790,2523
439,264,25999
527,2216
10186,430
323,8748,369,1448,4849,311
323,1566,4498,364,82
323,86454,3725
323,36681,4861,449
323,17395
323,44973
459,6062,85905
459,74781,1109
459,86929,27144,28661,1648
459,70733,12439,892
459,9678,4632
459,1218,4171,17157
51566
4661,5127
37219,323
37805,2718
37805,349
11754,1716,15718
1008,44129,813,3070,2269,9672,7234
62742
264,48295,92032,21655,315
264,490,19636
264,1495,311
264,33689,5178,304
264,357,495,7922,398,8196,832
264,20897,2697,5818
264,15648
264,37154,4686,6945,315
264,18147,1228,287,1695,892
264,5754,10398,575
264,49723,87516,4459
264,68706,315
264,24729,54716
264,5818,430,10034,264
264,2763,2523,90083
264,11879,1203,311
264,86930,398,3460,315
264,1099,1113
264,98477,7162,15234,5818
264,1523,261,323
264,834,3520,10532,449
264,711,83,18338,7491
264,45813
264,45738,315
264,40661,60849,367,1618
264,2731,2763
10103,814
10103,3838,315,3953
1595,2324
1198,3686
1174,902,3445
1174,653,391,10216,36324,1174,92354,315
1174,96718,13883,398
1174,10390,409,88
1174,1495
1174,49304,1534
1174,17354
1174,13088
1174,33962,483,323,296,8788
1174,9678,477,6062
1174,26762,990
1174,12324,1174,24014,323
1174,57937,32141
320,308,22110,364,82
1167,21313
701,4623,315
499,636,311,1518,279
499,2733,1695
499,3782
28390,34665,311
97706,45539,323
1917,315,13305
4375,28809,398,1664
449,69616,15055,315
449,3403,1957
449,459,1989,5050,430
66713
889,1550,1148
1148,364,82,11201
1051,682,927,420
4024,927,856,2010,477
584,4798
72122
21160,433,1523
43395,21933,323
2835,1847
653,1517,87484
82037,19849
1234,77,414,3384
1234,3311,315
653,1003,3690,398
259,1983
11259,76,826
259,31458
24411,279,34731,315
2288,29585,323
2288,2697,28361
39034,2092,2159,89
311,8884,323
311,14201,2802,311
311,281,2428,701,2802
311,39580
311,20461,430
311,30485
311,1817,420,832
311,33449,3021
311,4287,433
892,5780
420,54461
420,374,23222,477,33596
420,10711,24064,54461
2574,527
10334
872,14971
279,3492,10103,502
279,39307,5196
279,2835,3637
279,1890,3021,3446
279,47891,315,379,1810,819,27803
279,1486,315,14604
279,4311,433,12716,311
279,15632,315
279,14329,315
279,2362,8334,364,82
279,2536,444,630,380,304
279,1455,27332,990
279,9622,1918,315
279,1906,315
279,8857,315
279,35231,617,6548
279,56979,8385,478,14880,30360,5818,3596
279,4632,8640,389
279,4632,374,1664,1824,61869,323
279,10249,5092,16437,315
279,96923,2555,315
279,88122,5814,374,58828,1245
279,5885,1935
279,34164
279,1888,597,46295,4632
279,36517,49336
279,4092
430,5097,2288,1317
430,9024,17661
430,9024,10065,3967,439
430,33596
430,305,647,597,647,1957,34292
430,1436,387
430,4546
27850
32654,69365,323
26951
24162,2539,315,11148,685,323
24269
72930,1174,37169
51181,4245,311
357,58199,927
15234,22169
31439,323
7833,99588
7493,990
3940,449,264,2294,41302
1212,1198,323
40256,291,505,279,27803
51157,9349,66571,21738,4395
45473
12786,13883
33422,1174,26359,26018,477
3230
34544
1063,3242,4986,4224,40189
1063,22785,934,14468,1918,323
15983,5848
3674,51215
779,66838,433,3727,279
779,25629,304
91567,661,323,100155
6541
7392,323
42832
659,66104
5084,32599,14188,311
2873,659,15204,71888,76534,323
68522
1156,1105,2423,364,82,3152,14708
42230,11289,1565
5817,76,3223,4341
5817,6043,3018,364,82
8640,264,1695,7102
1629,704,315
16392
938,8138
25294,28568
89993,938,3696,22711,89
436,1643,449
22541,287,311,3190
2109,472,2176
312,25149,459,7185,26654,323
13901
1972,9302,6900,311
11422
2231,1907,4477
8841,62209
3984
17033
11311
69365
6156
45207,15632,323
1772,1711
2700,773,36554
281,8099,1174,2605,8099
61787
14268,50098,3566,315
1274,889,3974,304
12798
1370,5059,532
7318,304,2539
15941,268,31331,942
927,279,1948
1057,8903,11333,49635
19087
477,2085,2680,311
3131,26455,7076
389,9578
3629,659,1474,71191
315,279,3063,20142
315,279,390,89132,54168,430
315,6278,57859,30363
315,70570
315,99316
315,4799
315,220,3971,5627
6302
44081,272,870,14778
912,383
912,5129,45799,279
912,17661
17778,1286
502,50672,364,82,28807,323
502,6917,25981
4009
4272,23774,55177
15376
4415,575,5049
1790,315,1148,364,82
9698,40500,10054,2442,304
1455,54739,315,682,9698
10237,263
810,18067,604,1570,1903
810,30357
16033,72868,323
9099,84218,315
17832
757,61380,1174,308,38200,706
1253,1664,387
1973
12502
25214
12933
14869,818,364,82
16180,1124
1427,520,279,1160,315
1317,1355,2084,287
4017
62471
49837
1093,23069,323
34504
74636
514,1108
2531,84,450,21781,364,82,1888
514
64241,1174,1664,49061,291,5885,323
1566,7474,364,82
326
8964,1202,29924,4731
32596,331
92515,648,16924
75361,774
1120,22256,1595,577,91164
35308,311
37212
33962,560,48788
17967,276
1202,21482,13184,24162,315,3021
1202,3446,1120
1202,18884
1202,23069
433,682,574
433,364,82,2731,1109
374,29392,20333
374,11622
374,5107,311
374,9120,278,304,1202,1984
374,459,57314,3021,3446
374,264,2697,2288
51705
26609,9262,323
7185,5885,477,1524
54952,279,5885
31740,264,8577,311
4225,4881,279,5818,449
304,902,4423,706
304,16907,5627
304,279,10065
304,1690,5627
304,9042,267,32542
82509,269
90536
422,499,1518,420,4632
602,1770
1268,28201,584,527
24429,1073,66,804,364,82
42902,1174,659,18251,360,16149
813,6367,2324
813,17779,323
813,38929,323
813,5107
813,11003,1174,719
18638,7598
26092
65242
568,1120
568,6276
305,675,441,364,82
3515,53312,9235
21363
13777
66060
28815,389
20547,9994,29447,82
2294,2523
63237
1695,21976
36451
24867
3041,264,15541,311
70718,645
5334,43120
5334,2212
27983,2697,19775,24151
282,58199
18922
13091,27520
505,1202,87847,85875,311
27607,374
12569,661
37913
369,279,1176,220,4578,4520
2768,709
8272,1555
19596
38204,704
4632,430,374,308,956
3117,12556,2234,1174,3900,31356
3117,810,23222,3446,1109
3070,57940
11537,449
38678,315
22109,1174,13967
15100
39418,2191
1524,1208,39068,323
85339
3920,60329
30311,439,13500,364,82
4675,1157
2995,2177,1524
3289,372,1941,5196
55920,323
64859
294,55024
41630,439
294,654,4511,304
36075,3725
27741,389
25595,27481,19777,911,589,364,82
11441
1587,539,617
1587,308,956,923,709,311
27650
11352,1174,37960,3640,304
25406,555,264,5818
4170,5981
14592,505,264,41253,85995
26344,74
3453,8869,364,82
91978
30968,323
13042,12062
24671
42954,32373,315
1080,87
3729
8246
32238
4747,449
30481,2718
8518,21057
88122,42606
65765,72815,367
65765,4156
34292,3925,439
41803
35509,719,8275
5699
38934,499
45324,402,96281
17439,279,28013,315
272,351,3520
555,1243
555,13312,12,713,21854
555,3515
37397
1437,4628,398
3973,287,389
86188
32719,1373,323
6366,7351,323
293,7828
3958,15718
9651
30994,690,617,264
51647,30994
520,3115,1174,69730,433
520,1566
520,220,2287
14943,1438,311
439,499,1781
439,17676,477
439,1790,28485
439,6800,439
439,5107,369,279,10877
439,42954,323
10255,2740
28664,24031
85009,4501
36001
19486
4205,31047
904,2731
4320,311
2500,3814,315
323,3708,433
323,4264,18688
323,44229,11880
323,514,49143
323,887,3614,1756,81,780,28485
323,1579,16405,302,2194
323,34865,264
323,8850,33028,315
323,48298
323,45925,348,24060
459,17821
459,927,52191,9417,315
459,57216,7234,430
459,304,31410,34133,315
459,42702,32353
459,18427,3446
54266,1073
4661,559,37971,276,1198,2225
4661,2854,3696,372,5603,311
682,36807,311
682,3116
89198
9395
12178
50016
922,5817,43401
671,301,58139,5169
264,3995,39542
264,1633,49277,8063,323
264,837,4007
264,4322
264,10346,41339,315
264,18300,398,67586,14849,990
264,7160,1773,55071,59831
264,26858,1568,11714,477
264,3831,34423,59485
264,7833,7564,706
264,31161
264,15528,24563,315
264,98143,4632
264,11124
264,14348
264,27626,315
264,5128,1695,11572
264,5818,6917
264,60234,1285,1234,3311,430,7634
264,781,447,19995
264,2697,2288,2466
264,3177,70395,1648
264,56153
264,30695,323,2163,389
264,305,14447,7076
264,8987,37240
264,2478,16996,2574,704
264,58671,41302
264,14470,6435,78780
264,11075
264,5655,7962,660
264,37099,1847,1436,387
264,13263
264,38714,9314,408,477,1120
264,10015,3392,315
264,13179,449
264,65516,2785
264,3958,1474,6461,1648,422
10103,63130,279,69568
10103,2781,258,2967,377,51214
10103,43931,64383
10103,220,17
1595,63299
551,4731
220,2721
1174,1418,3347
1174,1664,27975,293,5818,374
1174,11156,63239,323
1174,312,5282,449
1174,21063
1174,927,4930
1174,41202
1174,16180,323
1174,59560
1174,23401,3491,323
1174,5423,449
1174,52508,5674
883,76821,33596,832
883,1027
320,259
320,513,69212,364,82
3436,7995
364,1595,23064,3633,7598,11966
1167,826,682,279,1648,1555
1167,17156,526,89,17156,526
701,1866,6930
3995,477,2362
499,1436,5052,682
499,364,657,1093
289,894
1053,15502
3318,3278,1198,477
990,1253,1935,389
990,439,11986,311
2085,1888,24060,279,3917,449
449,2132,1520,826,315,3021
449,24569,323
449,1202,3063,268,15718
449,264,11191,71308,315
449,264,326,1108,1820,472,291,37066
449,264,3738,8547,315
46227,430,499
690,912,10712,19768,311
690,387,7882,311
1418,499,3821
1418,433,8603,499
902,21736,5956,78287,6980,3794
1405,832
1148,3727,279,5818
1148,602,15262,922
1664,84096,287
584,656,308,956,2733,1790
584,364,67
10307,30453,5944,3709,64541,304
82320,1202
574,3131
82830,709,311
1390,4400,775,1109
8748,369,51008,323
30315
7899,315,279
24848,1189,6244,810
26792,304,90926,1109
1633,2697,3446
5355,8545,261
1701,264
5829,279,1566,1180
5829,6617,5557,311,1935
5829,28485,323
6177
57899,11003,88,323,25530,369
96207,481
61437,21976,323
79675,279,934,1802,28591,315
96236
2073
28360,439
10800,304
10814,2192,73259,76646,526
4560,311,37586,449
38586,927
4322,1202,5885
32726,11841
45660,30994,304
40460,1139,279
26251,288,2212,1877,23939,323
21830,3201,505,279
2288,1790,7617,64,436,6043,323
2288,3345,311
20181
10390,13892,74,6703
311,990,439,26682,16924
311,7937,279,6225,13757,315
311,48883,1268
311,1514,2132,282,3390,311
311,2567,389
311,68192,279,11478,315
311,3041,1855,1023
311,636,12304,922
311,734,439
311,5766,279,25382,430
311,923,311
311,35406,323,1524,810
83437,892,33606,323
57949,1523,4245,311
30985,82,279,10877,1139,264
3872,304
2571,1445,311
1555,220,3101
22982,6593,7241,520
1884,889,527,46479,704
420,93319,66735
420,274,11392
420,3152,5780,574
420,374,938,668,993,1982,1918
420,5679
420,14154
1070,374,308,956,1790
872,49014,364,82
279,24278,323
279,1207
279,8333,323
279,60147,17250,25694,1461
279,5573
279,10264
279,31018
279,29407,439,15526
279,4832,3663,311,1514
279,84849,37390
279,30401,369
279,927,817,315
279,98024
279,23035,430
279,4731,3727
279,5361,7493,304
279,5818,1051,308,956
279,17983
279,7056
279,65536,1918,323,83843,315
279,8592,2410,315,682
279,23757,315
279,25984,8903
279,1176,12360,311,3063
279,63203,1766,420
279,4632,93018
279,4632,5084,311
279,4632,4509,1438,430
279,4632,374,539,1193
279,4632,364,82,42954
279,3521,80455,23747,842,315
279,506,62334
279,12742,323
279,9886,315,23367,88,1109
279,6332,304
279,25199,315
279,15688,21577,315
279,1888,568,364,82,1027
279,7200,477
279,10255,364,82
430,499,617
430,28670,704
430,82715,520,701,4851
430,10988,11559,29972,311,387
430,6367,26938,374,264
430,7344,1364
430,1903,33820,295,364,82
430,20781,33137,433
430,1436,6847,3868,369
430,46175,364,82
430,12716,704
430,15553,3828,374
430,364,82,25291,26175
1109,420,45607,1245,86124,315
10651
10975,420
11890,51940,7493
11890,264,27387,3752,364,82
66838,439
39001,311,3504,709
3480,311
13051,555,279
2771,1405,659,66271,6082,10548
4284,430
1778,264,23944,7690
46318
27545,11245,552,323
1207,33897,16239
4236
28214,311,7293,8173
50699,315,5536,323
41398,927,279
47305,2785,279
70706,7882,555
3446,78308,304,3021
3009,12096,14741,311
92326,2785
4179,21778,263
32366,291,304,23347,323
32366,291,304,45586,37565,323
65262,279
9090,1752
5945,14878,14966,649
49227,1093
71304,6713,437
5246,36862,864,46501,788
15038,4871,279
7170,97892
1063,25530,24654,389,279
1794,655,55349,2136,304,279
7941,1174,64828
10284,2753,6992,1109
1940,5861
87572,311
23874,1070
1288,3041
6689,304
743,315,39739,1992,364,82
17482,709,682
75481,323
5647,315,28485,323
23490,35825,4401,892
9298,420,490,635
1518,11537,4819
36899
27573
61108,704,1595,19077
25661,28113,1773,2689
51331,1174,47811,323
1156,2850,478
2019,645
6924,422
69001
4371,1764
8640,369
8640,2212
47168,555,19077,819,4477,323
436,263
938,3696,343,1157
20228
44937,555,264
14110,674,220,24
4780,311
13758
5201,311
70000,311
11105,1403
25935
24928,1124
312,8460,288,311,5510,311
19813,92947,18007,311
312,1247,315
8108,4395,568,29727,311
23671,988,2225
36417
2216,1317
2216,3958,87940,315,279
13383,701,4059,374
312,64992,311,1501,810
11494,75,3168
4478,439
21467,439
436,1494,12,33607
4611,5646,2174,1233
2231,779,1790,892
4585,433
34118
2848,39370,323
22477,4860
15871,311
41302,1174,296,19031,1555
43333,709,449
83810,2320,2689,32520,527
17069,311,617,264
6136,15648,12726,12580,389
6945,1772,5057,4832
281,5515,364,82
28135,264
6699,3021
75649,481,5647,315
78780,520
1057,7829
1023,12032,311,74212,433
4113,63113,552
16475,311
1193,36050,389
832,2643,1755,994,499
389,279,1648,311,21933
315,99597,279,83015,315
315,281,19251,488
315,3678,10126,2249,364,82,81821
315,14604,11478
315,682,17051
315,12360,398,67739,46996,1109
10535,488
12446
72665,856,3575,449
4400,2163
4400,520,279,6332,315
4400,520,682
308,38872
3966,810
1205,369,279
7154,18808,1202
856,1193
4731,6237,430,42590,1438,7829
296,8742
7447,48435,291,323,66278,3823,380
22563
27762,555,4400,2875,315
10213,311
1455,2653,70395,1732,539
4411,14338,439
810,3293,48188,1778,439
810,57169,16630,1109
810,711,83,398,44977,1109
810,15499
24151,323
63526
91813,439
4059,551,779,3249
35446
6278,4325,449
1253,539,5916
7340
3678,19549,13912,279
1690,617,1903,433
9152,311,1505,2555,502
88999,2469,72179,389
1903,1022,449
1903,1461,26242,323
27016,300
3021,34292,28417,15782
3411,1523,520,701,3821
326,10994
7347,323
1093,27052,323,5105,55608
3325,2766,24364
47310,430,35090,304
3063,268,439
6324,5304,6324,315
67185,16848
32681,304,279
32161,279,1972,11005
6996,315,1584,10981,374
6996,315,71295,323
597,4748,604
1440,1268,311,4587
14459,1203
3169,315,22916,1048,7218,364,82
6980,1824,1088,27065,2786,555,264
2567,1274,2133
27989,8071
1120,43759,7833,311
41638,648
16267,1752,1174,43358,292
503,337,2641,279
1202,16614,11850,315
1202,86337,950,27339,389,279
1202,5357
433,2643,387
433,4661,6724,9235
433,682,4131,3871
433,364,82,539,1120
433,364,82,2884,449,603
4360,499
374,11364,439
374,13967,7524,3403
374,2288,1790,315
374,34030,2753
374,8104
374,8173,304
374,50857,2579,13001
374,264,45915
374,264,65765
40815,439
1558,94007,439
45510,653,1517,31436,36595,311
40019,499
1139,1148,574,16168
4871,3330,315
37960,16149
90974
304,902,584,2733
304,420,34966,17332,83873,315
304,279,10877,477
304,312,5807,1137
93639,389
25408,555,279
37650
13085,320,422,3284
422,18754,66879,598,690,636
73973
22706,315,1202
65133,3817
1268,1664,84096,287,36380,4954,43248,264
1268,28495,279,29414,315
5105,11968,1534,323
4295,499
3925,18228,682
13970,4261
813,5652,4668
1579,52840,430,4375,2731
1618,813,5647,315
1077,31394,311
16472
1520,420,5818
4851,439,3062,439
3515,2523,449
617,312,14386,71070,660,279
5286,343,56017
706,6656,704,311,387
706,1063,30305,819,13736,315
706,6573,15718
706,95246,279,1989,315
706,1903,259,25369,264
706,3169,315
706,3403,49336
706,1027,1903
706,682,279,490,23903,315
706,682,279,1890,5435
4960,2379,287,279,7555,304
93890,51629
4376,3347,5710,1198,477
6166,1387
63237,65,12055,439
1695,293,9698
5900,1070,1633
5900,28675,304,279
733,15548,1481,7593,15718
55251
3828,35073,1441,63970
342,76670,323
3794,682,12304,922
636,1461
47201,279,4632
342,2076,430
2539,220,1954,4520
40373,279,659,97322,13071,315
10633,1057,1888,33997,323
505,1202,13654,315
505,1694,38247,1555
80413,279,220,1032,339,555,1648
1448,19067
1766,1202,10877
33415
369,4113,488,315
369,1202,837,4791,26928,5885
369,2225,2911,323
369,459,32677,37398,315
369,68188,43325,63203,9017
369,264,22786,477
1344,287,342,2076,520
32523,323
32620,4510,430
7060,1584,1990
4141,704
42508,389,279
42508,810,77297,6623,1109
4632,430,1288,387
4632,72997,690,8343,709
4632,922,2555
10409,449,23418,4907
25720,704
19309,304,649,4978
19094,369,264
16054,1139,279
14865,311,3974,709,311
13176
506,29246,279
70663
3521,2053,304,279,1989,315
1475,5149,311,65081,433
1475,3958,1957,1474,6461,1584,304
3596,636
9778,594,812,3515
36232,1174,6225,10965,323
3403,4113,488,304
2995,1974
4907,433,5097
4907,1139
37167,499
35006,264,12190,15952,315
66159,1475,1584
83487,433
658
384,24004,12711
69704,27741,499
19685,779
11226,6798,374
1855,3090,291,1523,279
1855,6237
22700,315
3815,2555,315
1587,308,956,3974,709,311
1587,308,956,23528
85184,1174,22568
82398,3361,6372,323
28454,315,279
7690,938,1414
7690,89993,503,13,10112,29952
1550,308,956,1120,733,311
1550,1120
11944,3446,922,68558,304
11944,1523,311
51687,311,387
28421,279,11822,323
12886,304
12886,21976,323
3568,449
78088,84357,15300,430,1304
76035,311
7446,40336
35750,311,8854,279
41857,311
11705,36301,8335,315
24877,4835,3235,520
11003,88,1174,45955,323
272,90714
27104,315,40742,281,28523
1436,1935,757,1203,311
6155,2299,905
2262,311,61843,5448,323
21356,15526
1615,1571,311
89246,5678,369,3515
31715,389
76387,389,279,5540,315
29722,398,15596,1139,264
19570,279,8206
16343
7926,29447,82
1206,396,11226,6798,364,82
14830
1206,548,87695,35598,364,82
65765,49304,826,315
81969,82,709
523,14773,389,503,49709,61495
523,1769,304
85623,520
1181,25591
2849,18084,1174,16766
272,1617,2194,78
272,28107
16736,323
57133,19411,323
1841,47535
16994
41255,279,9235,38467
2107,2915,3412,1057,2802
649,87968,704
1652,9799
2211,308,956,2873,311,636
90551,472
555,279,842
555,68111,281,1693,883,1903
555,1202,1989
555,4901,364,82,842
555,3958,15369,323
2626,323
7951,81,4179,388
28016,520,279,4851
23104,291,555,279
75720,279,4632
293,57858,1008,4214
38430,3520,2395,1590
12716,1124
4546,499
20716,5797,3403,311
1437,28316
59296,369,94325,47661
2225,43395
2225,8983,3385
7970
21434,2172,6807,369
90055,1523,311
35519,3252,1523,304
3776,76920,1523,449
2466,12544
28858
10418,2785
1694,45077,398,15526,323
1694,16920,3149,311
1694,4635,291,1314,709,311
9221,48206,3210,3821,481,304
9221,264,961,315,1202
1606,1070,364,82,539
1606,4376,3347,5710,374
34427,502,2324,1139
21059
8209,1990
13524
293,21473,1109
3958,34292,1109
1203,389
5766,420
520,44866,369
439,41794,264,27387,5643,315
17501,1202,10877
51975,304,55689,430
439,4560,398,439
439,814,656
439,27545,323,31687,439
439,4832,439
439,433,13656
439,433,41424,279
439,25530,439
439,602,364,588,3970,304
439,4498,1260,3823,23837
439,21349,439
439,21075,323,13836,1752,439
439,264,36237,648,922,5044
439,264,3428,95852,4101,389
36659
527,1664,2884
527,20700,927
8111,311,387
33352,398,70222,323
1469,29061,220,1032
4205,3596
5606,1436,12876,311
904,315,1124
2500,1401,19035,311
459,59919
323,1403,8671,12631
323,27656,449
323,46943,323
323,6230,264,5818
323,7580,304
323,9107,433
323,3552,311
323,4851,86,34002,5369,311
323,13941,27461,14333,5694
323,390
323,3782
323,293,27403,1523,304
323,3776,291,704
459,66203,11986
459,54808,315
459,7185,19739,24408
459,39377,4264,21487,323
459,2995,2177,287,323
459,29859,398
459,4879,311,1304
459,85684,43738,315
459,1957,12084,27762,555
62397,1385,430,1304,433
1101,1093
6276,433
68078,311
682,2288,45207,323
682,279,3446,6835,603
682,279,17069,315
682,927,279
682,922,279,3399,73,38925
79991
20034,520,279
1306,1193,2380,12631
26160,311,2503,3221,279
3779,1206,412,311
1008,425
30883,4477,323
56030,65451,430
13390,21168,779,1790
4287,279,5885,323
922,11890,1148
922,4205
15673,682,3987,315
264,3995,5333,364,82,3663
264,1633,1972
264,39953
264,12945,369,279
264,64550
264,20441,37608,315
264,10988,46517,12,18614,53926,7490,21261,315
264,5647,315,3177,70395,2136
264,78214
264,31720,20167,367,4315
264,11040,45357,19762,810
264,57645,2785,12248
264,6476,9994,4623
264,2237,315,3995
264,3389,3502,1251,27744,430
264,35901,5199
264,15123,819,1174,1661,7278,3217
264,2294,21455,439
264,5679,39304,323
264,39575
264,18454,3725,68232,5818
264,5597,430,628,15954
264,15326,11333,65281,430
264,25237,339,315,75716,323
264,14095,88,24481,315
264,40661,1162,430
264,62724,24162,315
264,3738,22514,2136,311
264,42445,304
264,4580,323
10103,1529,1013,55515
10103,3958,3436,374
1595,29331
1595,32681,520
1595,46968,315
551,9090
220,6280,17
1198,20156
1198,25146,9250,64019,20142
1174,902,6835,499
1174,85427,819,311,5127,775
1174,10625,11559,1174,27656,430
1174,436,865,7044
1174,2606,261
1174,2324,1752,1174,757,61380
1174,10479,86,12930,38908,374
1174,6307,323
1174,719,2103
1174,36277,323
1174,220,5833,4520
883,6106,430
320,889,374,2744
320,3453,285
364,1135,82
364,8205,1109
364,8994,279,9045,315
